Time,Theta,ThetaDot,ThetaDDot,CartPos,CartPosDot,CartPosDDot
0,0.08726646259971647,0.0,0.35403486292680314,0.0,0.0,-0.14661446537832562
0.016666666666666666,0.08736480561719615,0.005900581048780052,0.35443379281449855,-4.072624038286822e-05,-0.0024435744229720936,-0.14677857890976834
0.03333333333333333,0.08756160246601317,0.011807810929021695,0.3552321016545053,-0.00012222430824067212,-0.004889884071468233,-0.14710697962730024
0.05,0.08785707489862313,0.017728345956596784,0.3564306880761592,-0.00024458542599494826,-0.007341667065256571,-0.14760001492131225
0.06666666666666667,0.08825155585569867,0.02366885742453277,0.3580309012742019,-0.0004079465478940334,-0.009801667313945108,-0.14825820607906365
0.08333333333333333,0.08874548984090594,0.029636039112436136,0.36003454251101014,-0.0006124905048150806,-0.012272637415262836,-0.14908224852367558
0.09999999999999999,0.08933943342125515,0.03563661482095297,0.362443867121801,-0.0008584461974371489,-0.014757341557324095,-0.15007301212772872
0.11666666666666665,0.09003405585358265,0.041677345939649654,0.3652615870247227,-0.0011460888378724751,-0.017258558426119574,-0.15123154159704952
0.13333333333333333,0.09083013983786145,0.04776503905672837,0.3684908737382101,-0.0014757402398625373,-0.019779084119403732,-0.15255905691906313
0.15,0.09172858239817865,0.05390655361903187,0.37213536190844587,-0.0018477691576634504,-0.022321735068054786,-0.15405695386882468
0.16666666666666666,0.0927303958923593,0.0601088096508393,0.3761991533502279,-0.0022625916737612595,-0.024889350965868532,-0.1557268045644817
0.18333333333333332,0.09383670915135947,0.06637879554000976,0.38068682160498857,-0.0027206716355714245,-0.027484797708609895,-0.15757035806247388
0.19999999999999998,0.09504876874969435,0.0727235759000929,0.3856034170201506,-0.003222521141287832,-0.03011097034298446,-0.15958954098120326
0.21666666666666665,0.0963679404083126,0.07915029951709542,0.3909544723544273,-0.003768701075054574,-0.032770796026004516,-0.161786458140209
0.2333333333333333,0.09779571053147376,0.08566620738966921,0.39674600891408274,-0.00435982169163804,-0.035467236995008,-0.16416339320002596
0.24999999999999997,0.09933368787933328,0.09227864087157059,0.4029845432255527,-0.004996543250777069,-0.03820329354834177,-0.16672280928588054
0.26666666666666666,0.10098360537808877,0.0989950499253298,0.4096770942501974,-0.005679576701384399,-0.040982007036439776,-0.1694673495761427
0.2833333333333333,0.10274732206969155,0.10582300149616643,0.41683119114728506,-0.0064096844157628795,-0.04380646286270882,-0.17239983783401952
0.3,0.10462682520327968,0.11277018801528785,0.424454881591614,-0.0071876809739841434,-0.04667979349327581,-0.1755232788582676
0.31666666666666665,0.10662423247064326,0.11984443604181474,0.43255674065243827,-0.008014433998554926,-0.04960518147424694,-0.17884085882573336
0.3333333333333333,0.10874179438818807,0.12705371505268873,0.4411458802405766,-0.00889086503946619,-0.05258586245467583,-0.18235594549524514
0.35,0.11098189682802193,0.13440614639003168,0.4502319591307386,-0.009817950509681688,-0.05562512821292991,-0.18607208823874885
0.36666666666666664,0.11334706370094766,0.141910012375544,0.4598251935661893,-0.010796722671074618,-0.058726329683575725,-0.18999301786156197
0.3833333333333333,0.11583995979430844,0.14957376560164715,0.4699363684528791,-0.011828270670762425,-0.061892879981268425,-0.19412264616917563
0.39999999999999997,0.11846339376779504,0.15740603840919512,0.480576849150073,-0.012913741627719447,-0.06512825741742136,-0.1984650652331166
0.41666666666666663,0.12122032131048997,0.16541565256169632,0.4917585938643055,-0.014054341769463446,-0.06843600850463996,-0.2030245463029353
0.4333333333333333,0.12411384846259166,0.17361162912610142,0.5034941666531523,-0.015251337618513817,-0.07181975094302222,-0.20780553830533952
0.44999999999999996,0.12714723510543033,0.18200319857032063,0.5157967510447963,-0.01650605722820456,-0.07528317658144454,-0.21281266586483982
0.4666666666666666,0.13032389862355923,0.1905998110877339,0.528680164278679,-0.0178198914673022,-0.07883005434585853,-0.2180507267728487
0.4833333333333333,0.13364741774287664,0.19941114715904523,0.5421588721716102,-0.019194295352725634,-0.08246423312540602,-0.22352468882400253
0.49999999999999994,0.1371215365489084,0.2084471283619054,0.5562480046125166,-0.020630789429489066,-0.08618964460580605,-0.22923968592940486
0.5166666666666666,0.14075016868955476,0.21771792843878068,0.5709633716875219,-0.022130961196788444,-0.0900103060379628,-0.23520101340644262
0.5333333333333333,0.14453740176678095,0.22723398463357272,0.5863214804351677,-0.023696466578922947,-0.09393032292807017,-0.24141412233373233
0.55,0.14848750192190582,0.2370060093074922,0.6023395522292885,-0.025329031439483486,-0.09795389163363238,-0.24788461284744182
0.5666666666666668,0.1526049186193166,0.247045001844647,0.6190355407842127,-0.027030453136946093,-0.10208530184775641,-0.25461822624165226
0.5833333333333335,0.1568942896336119,0.25736226085771724,0.6364281507735421,-0.028802602119475825,-0.10632893895178394,-0.261620835720355
0.6000000000000002,0.1613604462453443,0.26796939670394293,0.6545368570495836,-0.030647423556372323,-0.11068928621378986,-0.2688984356320729
0.6166666666666669,0.16600841865070157,0.278878344321436,0.673381924445523,-0.032566939003166616,-0.11517092680765774,-0.2764571289996753
0.6333333333333336,0.17084344159062703,0.290101376395528,0.692984428136397,-0.034563248096905266,-0.119778545624319,-0.2843031131376644
0.6500000000000004,0.17587096020503484,0.301651116864468,0.7133662745277465,-0.0366385302776266,-0.12451693084328007,-0.2924426631267367
0.6666666666666671,0.18109663611792257,0.31354055477326376,0.7345502226322383,-0.03879504653143869,-0.12939097522872567,-0.3008821128906514
0.6833333333333338,0.18652635375931925,0.32578305848380107,0.7565599058843193,-0.04103514114994263,-0.13440567711023652,-0.3096278335930719
0.7000000000000005,0.19216622693012825,0.33839239024853973,0.7794198543307983,-0.0433612435000002,-0.13956614100345438,-0.3186862090418635
0.7166666666666672,0.19802260561602913,0.35138272115405306,0.8031555171208086,-0.04577586979701385,-0.14487757782081878,-0.32806360775505666
0.733333333333334,0.2041020830566858,0.3647686464393999,0.8277932852014601,-0.048281624873959456,-0.1503453046167364,-0.3377663513060117
0.7500000000000007,0.21041150307656512,0.37856520119275755,0.8533605141051933,-0.05088120393737895,-0.15597474380516993,-0.3478006785249489
0.7666666666666674,0.21695796768369585,0.39278787642784413,0.8798855466907942,-0.053577394300388714,-0.16177142178058573,-0.3581727050895899
0.7833333333333341,0.22374884494268515,0.40745263553935734,0.9073977356716052,-0.056373077081478914,-0.16774096686541223,-0.3688883779888253
0.8000000000000008,0.2307917771282499,0.4225759311338841,0.9359274657308304,-0.0592712288564549,-0.17388910649855932,-0.37995342428971435
0.8166666666666675,0.23809468916540652,0.4381747222293979,0.9655061749841356,-0.06227492324928915,-0.18022166357005456,-0.3913732935793285
0.8333333333333343,0.24566579736228097,0.4542664918124668,0.996166375502829,-0.06538733244589542,-0.1867445517963767,-0.4031530933885359
0.850000000000001,0.25351361844123954,0.47086926473751395,1.0279416725555721,-0.0686117286128874,-0.19346377001951895,-0.4152975168344447
0.8666666666666677,0.26164697887368576,0.4880016259467735,1.0608667821612867,-0.07195148520122228,-0.20038539530009303,-0.4278107616413339
0.8833333333333344,0.270075024523399,0.5056827389827949,1.094977546468948,-0.07541007811223532,-0.20751557466078194,-0.44069643961623406
0.9000000000000011,0.2788072306026869,0.5239323647572773,1.130310946389259,-0.07899108670091953,-0.2148605153210525,-0.453957475564382
0.9166666666666679,0.2878534119448608,0.5427708805304317,1.166905110796347,-0.08269819458837163,-0.22242647324712553,-0.4675959945313142
0.9333333333333346,0.2972237335955892,0.5622192990437042,1.2047993214918615,-0.08653519025208242,-0.23021973982264743,-0.4816131961520583
0.9500000000000013,0.30692872172450975,0.5822992877352352,1.24403401297584,-0.09050596735916878,-0.23824662642518174,-0.4960092147736955
0.966666666666668,0.31697927485703475,0.6030331879514992,1.284650765894676,-0.09461452480369228,-0.24651344667141,-0.5107829638953723
0.9833333333333347,0.3273866754245305,0.6244440340497438,1.3266922928319849,-0.09886496640485339,-0.2550264960696662,-0.5259319633400712
1.0000000000000013,0.338162601628924,0.6465555722636103,1.3702024148679786,-0.1032615002180534,-0.26379202879200075,-0.54145214743548
1.016666666666668,0.34931913961522526,0.6693922791780765,1.415226027051091,-0.10780843740554105,-0.27281623124925874,-0.5573376523382458
1.0333333333333345,0.3608687959423741,0.6929793796289281,1.4618090505951848,-0.1125101906075671,-0.2821051921215628,-0.5735805804881281
1.0500000000000012,0.37282451033913266,0.7173428638055145,1.5099983692286711,-0.11737127174861763,-0.29166486846303163,-0.5901707400284038
1.0666666666666678,0.3851996687273436,0.742509503292659,1.5598417466692143,-0.12239628920634271,-0.30150104746350503,-0.6070953568792797
1.0833333333333344,0.3980081164896294,0.7685068657371459,1.6113877216688715,-0.12758994426320092,-0.311619303411493,-0.6243387570065149
1.100000000000001,0.41126417195237874,0.7953633277649604,1.664685476457763,-0.13295702675256094,-0.3220249493616016,-0.6418820162934636
1.1166666666666676,0.4249826400474775,0.8231080857059232,1.7197846736962854,-0.13850240980200249,-0.33272298296649266,-0.6597025753092742
1.1333333333333342,0.4391788261074918,0.8517711636008612,1.776735256211626,-0.14423104356680772,-0.3437180258883139,-0.6777738161788127
1.1500000000000008,0.4538685497386761,0.881383417871055,1.8355872028274638,-0.15014794783610705,-0.3550142561579608,-0.6960645987143346
1.1666666666666674,0.46906815870397905,0.9119765379181795,1.8963902324783206,-0.15625820338282703,-0.3666153328031997,-0.7145387529816982
1.183333333333334,0.48479454273385936,0.9435830417928182,1.9591934475130133,-0.16256694191648638,-0.3785243120195613,-0.7331545255666025
1.2000000000000006,0.5010651471658266,0.976236265918035,2.0240449056150247,-0.16907933448502535,-0.390743554112338,-0.7518639770062626
1.2166666666666672,0.517897986293798,1.0099703476782855,2.0909911080814476,-0.17580057815828828,-0.4032746203957757,-0.7706123281934377
1.2333333333333338,0.5353116562851254,1.0448201994796429,2.1600763902873577,-0.18273588081160494,-0.4161181591989997,-0.7893372540858745
1.2500000000000004,0.5533253474959771,1.080821472651099,2.2313421980026735,-0.1898904438132788,-0.42927378010043094,-0.8079681238184282
1.266666666666667,0.5719588559840517,1.1180105092844768,2.304826230812267,-0.1972694424049022,-0.4427399154974047,-0.8264251873831786
1.2833333333333337,0.5912325939806853,1.1564242797980144,2.3805614312140295,-0.2048780035485765,-0.45651366862045767,-0.8446187104952638
1.3000000000000003,0.6111675990415449,1.1961003036515816,2.4585747950432117,-0.21272118100072168,-0.47059064712871207,-0.8624480611963408
1.3166666666666669,0.6317855415454722,1.2370765502356351,2.5388859757228386,-0.22080392735875476,-0.4849647814819844,-0.8798007542802843
1.3333333333333335,0.6531087301537669,1.2793913164976825,2.6215056515244446,-0.22913106281519902,-0.4996281273866558,-0.8965514628951787
1.35,0.6751601147763739,1.3230830773564233,2.706433621633329,-0.23770724034466972,-0.5145706517682421,-0.9125610108427912
1.3666666666666667,0.6979632865161014,1.3681903043836454,2.7936565934916096,-0.24653690704381898,-0.5297800019489554,-0.9276753643457955
1.3833333333333333,0.7215424739762432,1.4147512476085056,2.883145620852409,-0.2556242613441754,-0.5452412580213852,-0.9417246485895678
1.4,0.745922535219955,1.4628036746227124,2.9748531495208432,-0.2649732058246956,-0.5609366688312114,-0.9545222223912598
1.4166666666666665,0.771128944560756,1.51238456044806,3.068709626298185,-0.2745872953669911,-0.5768453725377324,-0.9658638541326884
1.4333333333333331,0.7971877732421954,1.563529720886363,3.164619626745087,-0.2844696804243235,-0.5929431034399438,-0.975527053833365
1.4499999999999997,0.8241256629310639,1.6162733813321144,3.2624574597754887,-0.29462304521883187,-0.6092018876704999,-0.9832706301166741
1.4666666666666663,0.8519697908032035,1.6706476723283725,3.362062212732317,-0.30504954074392815,-0.6255897315057778,-0.9888345569400901
1.483333333333333,0.8807478248455464,1.7266820425405778,3.46323221066806,-0.31575071253484116,-0.6420703074547793,-0.9919402532881769
1.4999999999999996,0.9104878678352971,1.7844025793850455,3.565718879507214,-0.3267274232850009,-0.6586026450095823,-0.9922913993210021
1.5166666666666662,0.9412183882915777,1.8438312273768325,3.6692200263143118,-0.33797977053497197,-0.6751408349982657,-0.9895754341677603
1.5333333333333328,0.9729681365329456,1.904984894482071,3.7733725829669313,-0.3495069998499897,-0.6916337589010617,-0.9834659026414514
1.5499999999999994,1.0057660438251375,1.96787443753152,3.8777449042065424,-0.3613074141379633,-0.7080248572784192,-0.973625839000107
1.566666666666666,1.039641102479609,2.0325035192682956,3.9818287693357615,-0.37337828004788143,-0.7242519545950877,-0.9597123930758225
1.5833333333333326,1.0746222246811183,2.0988673320905584,4.085031310435796,-0.38571573273365395,-0.7402471611463515,-0.9413829142429907
1.5999999999999992,1.1107380778021931,2.1669511872644884,4.186667179798475,-0.3983146806733829,-0.7559368763837346,-0.9183027072818798
1.6166666666666658,1.1480168940287676,2.236728973594463,4.285951374805148,-0.4111687126984679,-0.7712419215050993,-0.8901546554964302
1.6333333333333324,1.186486252303899,2.308161496507882,4.381993257026357,-0.42427000990563524,-0.7860778324300398,-0.8566508636423062
1.649999999999999,1.2261728309282045,2.3811947174583215,4.473792427959119,-0.43760926568603653,-0.8003553468240783,-0.8175463987417164
1.6666666666666656,1.2671021296713874,2.4557579245909733,4.5602372464312735,-0.45117561768831055,-0.8139811201364402,-0.7726550931319901
1.6833333333333322,1.3092981609830234,2.5317618786981613,4.640106877001426,-0.46495659610534346,-0.8268587050219733,-0.7218672148008853
1.6999999999999988,1.3527831108716042,2.609096993314852,4.712077823741356,-0.4789380931931544,-0.8388898252686547,-0.6651686020009046
1.7166666666666655,1.3975769712667798,2.687631623710541,4.774735903405342,-0.4931043593370767,-0.8499759686353365,-0.6026606046492206
1.733333333333332,1.4436971471906792,2.7672105554339637,4.826594516461792,-0.5074380312045126,-0.8600203120461569,-0.5345798847870262
1.7499999999999987,1.4911580438135958,2.8476537973749934,4.866119854246049,-0.5219201974843893,-0.8689299767926073,-0.46131682410036995
1.7666666666666653,1.5399706403960252,2.928755794945761,4.891763312098361,-0.5365305073265162,-0.8766185905276135,-0.383431002694473
1.7833333333333319,1.5901420601207041,3.010285183480734,4.902000852240162,-0.5512473257805026,-0.883009107239188,-0.30166199702971785
1.7999999999999985,1.6416751467487831,3.0919851976847363,4.89537838967463,-0.566047939233664,-0.8880368071896834,-0.21693365234939144
1.816666666666665,1.6945680607073272,3.1735748375126467,4.870561503819068,-0.5809088120347002,-0.8916523680621732,-0.1303500738028677
1.8333333333333317,1.7488139084169323,3.254750862576298,4.826386987146128,-0.5958058931895706,-0.8938248692922209,-0.04318189836113658
1.8499999999999983,1.8044004191785223,3.3351906456954,4.761913041093689,-0.6107149693162078,-0.8945445675982399,0.04315802059565872
1.866666666666665,1.8613096835626384,3.4145558630469615,4.6764644495035705,-0.6256120571037909,-0.8938252672549789,0.12714957862582796
1.8833333333333315,1.9195179658493944,3.4924969372053543,4.569668928142936,-0.6404738255639778,-0.8917061076112152,0.2072101214602678
1.8999999999999981,1.97899560061619,3.5686580860077366,4.441481159831779,-0.6552780356570924,-0.8882526055868774,0.2817469331559335
1.9166666666666647,2.0397069801496057,3.642682772004933,4.292191810193545,-0.6700039827132193,-0.8835568233676118,0.3492146170008279
1.9333333333333313,2.101610635185853,3.7142193021748255,4.122420027867566,-0.6846329257090681,-0.8777365797509313,0.40817377672342287
1.949999999999998,2.1646594068965075,3.782926302639285,3.9330894281797173,-0.6991484871002716,-0.8709336834722076,0.4573470868549481
1.9666666666666646,2.2288007034483233,3.848477793108947,3.725389137364656,-0.7135370076340153,-0.8633112320246251,0.4956689772326628
1.9833333333333312,2.2939768303160735,3.9105676120650243,3.5007229045976715,-0.72778784234075,-0.8550500824040808,0.5223257437625091
1.9999999999999978,2.360125380212879,3.9689129938083187,3.2606503617276834,-0.7418935865631062,-0.8463446533413723,0.5367838497030752
2.0166666666666644,2.4271796663212752,4.02325716650378,3.006825082068424,-0.7558502241605449,-0.8373982558463211,0.5388053484321318
2.033333333333331,2.495069181619135,4.0733709178715864,2.7409341098832436,-0.7696571936056413,-0.8284181667057856,0.5284505583352204
2.0499999999999976,2.5637200675030734,4.119053153036307,2.464643148295184,-0.7833173712289779,-0.8196106574001986,0.5060691795144804
2.066666666666664,2.6330555764837604,4.160130538841227,2.1795507293846184,-0.7968369740802272,-0.8111761710749572,0.47228182848196987
2.083333333333331,2.70299651622261,4.196456384330971,1.887153612255876,-0.810225387534676,-0.8033048072669243,0.42795441039261856
2.0999999999999974,2.7734616652981976,4.227908944535236,1.588824531903205,-0.8234949247640156,-0.7961722337603807,0.3741678428012097
2.116666666666664,2.844368154521536,4.254389353400289,1.285802393613538,-0.836660526481466,-0.7899361030470272,0.31218543790871467
2.1333333333333306,2.9156318110764334,4.275819393293848,0.9791941659718557,-0.8497394100217196,-0.7847330124152153,0.24341982317905206
2.1499999999999972,2.9871674660107677,4.292139296060046,0.6699871089820855,-0.8627506769444234,-0.7806760153622311,0.16940072721735347
2.166666666666664,3.0588892284753744,4.303305747876414,0.3590695753166356,-0.8757148881095669,-0.7778526699086086,0.09174436849458577
2.1833333333333305,3.1307107324886805,4.309290240798358,0.04725840346973593,-0.8886536147279063,-0.7763235971003655,0.0121246330268309
2.199999999999997,-3.0806399433433027,4.310077880856187,-0.2646691727129185,-0.9015889733926271,-0.7761215198832516,-0.06775423203317797
2.2166666666666637,-3.008878831210342,4.305666727977639,-0.5759411980800455,-0.9145431526773572,-0.7772507570838045,-0.14618401302696074
2.2333333333333303,-2.937277702743515,4.296067708009637,-0.8857563525714526,-0.9275379386323725,-0.7796871573009205,-0.2214787992122646
2.249999999999997,-2.8659226177079575,4.281305102133446,-1.193251087821477,-0.9405942464760579,-0.783378470621125,-0.29200193779474176
2.2666666666666635,-2.794898991307906,4.261417584003088,-1.497470644674005,-0.9537316659691308,-0.7882451695843706,-0.356194350285355
2.28333333333333,-2.7242913289758195,4.236459739925189,-1.7973460395892888,-0.9669680283372829,-0.7941817420891265,-0.41260459824668855
2.2999999999999967,-2.654182929432508,4.206503972598701,-2.0916790402971444,-0.9803190030938369,-0.801058485393238,-0.4599206631382675
2.3166666666666633,-2.5846555518448344,4.171642655260415,-2.3791369756930556,-0.9937977335901516,-0.8087238297788758,-0.4970028766216368
2.33333333333333,-2.515789045639298,4.131990372332197,-2.658258885900496,-1.0074145204410834,-0.8170072110559031,-0.5229168528846292
2.3499999999999965,-2.447660944679845,4.087686057567189,-2.9274739704367123,-1.021176561973372,-0.8257224919373136,-0.5369647016535409
2.366666666666663,-2.380346030934402,4.038894824726577,-3.1851325171778186,-1.0350877603672308,-0.8346719036315393,-0.5387123253190266
2.3833333333333298,-2.3139158762215084,3.985809282773613,-3.4295485159886696,-1.0491486010736784,-0.8436504423868564,-0.5280103203448396
2.3999999999999964,-2.2484383738741673,3.928650140840469,-3.6590520538805014,-1.063356111313555,-0.8524506143926037,-0.5050059992484802
2.416666666666663,-2.1839772748751263,3.8676659399424604,-3.8720484799224475,-1.0777039009976674,-0.8608673810467451,-0.47014438497339645
2.4333333333333296,-2.120591744898286,3.8031317986104196,-4.067080380928893,-1.0921822863442725,-0.8687031207963017,-0.42415671640172514
2.449999999999996,-2.0583359594717034,3.735347125594938,-4.242887794111562,-1.1067784930009892,-0.8757723994029971,-0.36803599158874034
2.466666666666663,-1.9972587539879298,3.664632329026412,-4.3984619413629735,-1.1214769318775915,-0.8819063325961428,-0.3030002493557225
2.4833333333333294,-1.9374033434878684,3.5913246300036956,-4.533088174999033,-1.1362595374901259,-0.8869563367520715,-0.23044548612793103
2.499999999999996,-1.8788071241475288,3.5157731604203786,-4.646374756808185,-1.151106155737696,-0.8907970948542037,-0.15189114010407315
2.5166666666666626,-1.8215015644618582,3.4383335811402422,-4.738265433977389,-1.1659949659686284,-0.8933286138559382,-0.06892178509988074
2.533333333333329,-1.765512189618959,3.3593624905739525,-4.80903533311979,-1.1809029211398663,-0.8944773102742696,0.01687104652546596
2.549999999999996,-1.7108586579241485,3.2792119016886225,-4.859271237543358,-1.1958061899092916,-0.8941961261655118,0.10394317796397035
2.5666666666666624,-1.6575549237953224,3.1982240477295667,-4.8898386265492615,-1.2106805855737268,-0.8924637398661123,0.1908451004243588
2.583333333333329,-1.605609478173871,3.116726737287079,-4.901838778762067,-1.2255019687102664,-0.889282988192373,0.276260031879367
2.5999999999999956,-1.555025654435409,3.035029424307711,-4.896559696389238,-1.2402466129490617,-0.8846786543277169,0.35903149439638565
2.6166666666666623,-1.5058019861681664,2.953420096034557,-4.875424602071618,-1.2548915262171914,-0.8786947960877771,0.4381801905646733
2.633333333333329,-1.4579326025126103,2.8721630193333634,-4.839941372957743,-1.2694147227657198,-0.8713917929116992,0.512910826037174
2.6499999999999955,-1.4114076470162091,2.7914973297840677,-4.791655628412085,-1.2837954440847934,-0.862843279144413,0.5826101702097851
2.666666666666662,-1.3662137069721447,2.711636402643866,-4.732109410751222,-1.2980143292454753,-0.8531331096409165,0.6468380403791351
2.6833333333333287,-1.3223342417644002,2.6327679124646792,-4.662806611532968,-1.3120535371727187,-0.8423524756345976,0.7053130487873247
2.6999999999999953,-1.2797500006154148,2.55505446893913,-4.58518558888118,-1.3258968248086322,-0.8305972581548089,0.7578949084585528
2.716666666666662,-1.2384394221300075,2.4786347091244436,-4.5005988487946995,-1.339529586081085,-0.8179656763471663,0.8045649087338165
2.7333333333333285,-1.1983790099914875,2.4036247283111987,-4.4102992473486315,-1.3529388571011116,-0.8045562612016027,0.845405902568151
2.749999999999995,-1.159543680977231,2.330119740855388,-4.315431907600559,-1.3661132931482027,-0.7904661628254669,0.8805828453333954
2.7666666666666617,-1.1219070830484192,2.258195875728712,-4.21703091468902,-1.3790431228493678,-0.7757897820699103,0.9103246275271694
2.7833333333333283,-1.0854418825959098,2.1879120271505617,-4.116019826625481,-1.391720084598442,-0.7606177049444575,0.9349076768884584
2.799999999999995,-1.0501200209841297,2.1193116967068035,-4.0132150864916944,-1.404137349770603,-0.7450359103296498,0.9546415827220512
2.8166666666666615,-1.0159129413408197,2.0524247785986085,-3.909331516634735,-1.416289436725341,-0.7291252172842823,0.9698568213029435
2.833333333333328,-0.982791787118797,1.987269253321363,-3.8049891943855125,-1.4281721190074947,-0.7129609369292332,0.9808945342644506
2.8499999999999948,-0.9507275743396592,1.923852766748271,-3.700721134841838,-1.4397823305856863,-0.6966126946914923,0.9880982262758368
2.8666666666666614,-0.9196913396535329,1.8621740811675738,-3.596981327746956,-1.4511180704343567,-0.6801443909202284,0.9918071967343336
2.883333333333328,-0.8896542664473364,1.802224392371791,-3.494152785384317,-1.4621783082839344,-0.6636142709746562,0.9923514949615492
2.8999999999999946,-0.86058779123708,1.7439885126153858,-3.3925553531280257,-1.472962892940467,-0.6470750793919637,0.9900481824016752
2.916666666666661,-0.8324636925138036,1.6874459233965853,-3.2924531127607293,-1.4834724642129993,-0.6305742763519359,0.9851986924972264
2.933333333333328,-0.8052541640996274,1.632571704850573,-3.194061271451779,-1.49370836918206,-0.6141542981436487,0.9780870943868978
2.9499999999999944,-0.778931874927521,1.5793373503263768,-3.0975524778834256,-1.503672583291569,-0.5978528465705338,0.9689790866091689
2.966666666666661,-0.7534700169992713,1.5277114756949863,-3.0030625433810783,-1.5133676365436863,-0.5817031951270477,0.9581215689112991
2.9833333333333276,-0.7288423431108496,1.4776604333053016,-2.910695572124136,-1.5227965449155507,-0.5657345023118594,0.9457426622099485
2.9999999999999942,-0.7050231957702402,1.429148840436566,-2.8205285225758656,-1.5319627469923567,-0.5499721246083602,0.9320520675459916
3.016666666666661,-0.6819875285747907,1.3821400317269683,-2.7326152339592977,-1.5408700457170665,-0.5344379234825937,0.9172416738376336
3.0333333333333274,-0.6597109211665522,1.3365964444943133,-2.64698995845122,-1.5495225550879326,-0.5191505622519664,0.9014863410345519
3.049999999999994,-0.6381695887467723,1.292479945186793,-2.5636704430341157,-1.557924651586289,-0.5041257899013906,0.8849447998253611
3.0666666666666607,-0.617340387005613,1.2497521044695576,-2.482660605654186,-1.566080930084694,-0.4893767099043012,0.8677606214212631
3.0833333333333273,-0.5972008132104688,1.2083744277086546,-2.4039528492798894,-1.5739961639660376,-0.4749140328806135,0.8500632212932339
3.099999999999994,-0.5777290040956801,1.168308546887323,-2.3275300552502283,-1.5816752691747997,-0.4607463125257263,0.831968869288371
3.1166666666666605,-0.5589037311073497,1.1295163792998193,-2.253367294401978,-1.5891232719198707,-0.44688016470425346,0.8135816855208038
3.133333333333327,-0.5407043934785755,1.0919602577264529,-2.181433291203162,-1.596345279752297,-0.4333204699455734,0.7949946070491495
3.1499999999999937,-0.5231110095418021,1.0556030362064002,-2.1116916727331136,-1.603346455749432,-0.42007055982808755,0.7762903148268584
3.1666666666666603,-0.5061042066252325,1.0204081749941816,-2.0441020309994538,-1.6101319955480038,-0.40713238791430656,0.7575421139351456
3.183333333333327,-0.48966520982838485,0.9863398078108574,-1.9786208238759795,-1.6167071069815935,-0.39450668601538746,0.7388147628483899
3.1999999999999935,-0.47377582992705836,0.953362794079591,-1.9152021369476462,-1.62307699209217,-0.38219310663458095,0.7201652495842593
3.21666666666666,-0.4584184506193284,0.9214427584637969,-1.8537983257953052,-1.629246831300084,-0.3701903524748433,0.7016435141778792
3.2333333333333267,-0.44357601529098606,0.8905461197005418,-1.794360555757671,-1.6352217695318376,-0.358496293905212,0.6832931180947366
3.2499999999999933,-0.42923201345035417,0.8606401104379139,-1.7368392539714337,-1.641006904119676,-0.3471080752702997,0.6651518620456378
3.26666666666666,-0.4153704669580477,0.83169278953839,-1.6811844865029655,-1.6466072743013904,-0.3360222109028724,0.6472523542591343
3.2833333333333266,-0.40197591615643646,0.803673048096674,-1.6273462716315656,-1.6520278521624774,-0.32523467166522013,0.6296225316593026
3.299999999999993,-0.389033405985834,0.7765506102361479,-1.575274838806185,-1.6572735348758811,-0.31474096280423175,0.6122861366355618
3.3166666666666598,-0.3765284721593444,0.7502960295893781,-1.524920841455226,-1.6623491381068862,-0.3045361938603057,0.5952631522132377
3.3333333333333264,-0.3644471274554812,0.724880682231791,-1.4762355306623025,-1.6672593904622766,-0.29461514132341843,0.5785701984680163
3.349999999999993,-0.35277584817680196,0.7002767567207526,-1.4291708957102922,-1.672008928873648,-0.28497230468228485,0.5622208929976045
3.3666666666666596,-0.34150156081359784,0.6764572417922478,-1.3836797766234148,-1.6766022948147423,-0.2756019564656581,0.5462261781877965
3.383333333333326,-0.3306116289439002,0.6533959121818576,-1.3397159530854146,-1.6810439312618957,-0.26649818682919485,0.5305946179020793
3.399999999999993,-0.3200938403945041,0.6310673129637673,-1.2972342134659751,-1.6853381803151872,-0.25765494319749355,0.5153326660945856
3.4166666666666594,-0.30993639468218187,0.6094467427393344,-1.256190407133333,-1.6894892814056748,-0.24906606542925044,0.5004449097042033
3.433333333333326,-0.3001278907496189,0.5885102359537788,-1.2165414827564973,-1.6935013700212445,-0.2407253169341804,0.48593428803903754
3.4499999999999926,-0.2906573150067105,0.5682345445745038,-1.1782455148946243,-1.6973784768901365,-0.23262641213352978,0.471802290710049
3.4666666666666592,-0.28151402968460615,0.5485971193262601,-1.1412617208244074,-1.7011245275671647,-0.22476304062169564,0.4580491360239753
3.483333333333326,-0.2726877615071753,0.5295760906458533,-1.1055504692605793,-1.7047433423730751,-0.21712888835462937,0.44467393160090446
3.4999999999999925,-0.2641685906823168,0.5111502494915103,-1.0710732823724591,-1.7082386366424298,-0.20971765616128096,0.4316748188429925
3.516666666666659,-0.25594694021367287,0.493299028118636,-1.037792832284736,-1.7116140212398836,-0.2025230758472311,0.41904910274874546
3.5333333333333257,-0.2480135655317747,0.4760024809138904,-1.0056729330678933,-1.7148730033087962,-0.195538924134752,0.4067933684428058
3.5499999999999923,-0.24035954444239538,0.4592412653627589,-0.9746785290682342,-1.718018987219808,-0.18875903466070523,0.39490358567450906
3.566666666666659,-0.23297626738886834,0.44299662321162164,-0.9447756802953194,-1.7210552756903545,-0.18217730823279674,0.38337520242983214
3.5833333333333255,-0.22585542802431224,0.4272503618733663,-0.9159315454723648,-1.7239850710491151,-0.17578772152563288,0.37220322870051803
3.599999999999992,-0.21898901408905402,0.4119848361154935,-0.8881143632598374,-1.7268114766221256,-0.16958433438062426,0.3613823113609887
3.6166666666666587,-0.21236929858803463,0.3971829300611629,-0.8612934320815748,-1.729537498219758,-0.1635612958579411,0.350906801017817
3.6333333333333253,-0.20598883126259346,0.38282803952647,-0.8354390889141388,-1.7321660457059964,-0.15771284917431083,0.34077081161763645
3.649999999999992,-0.19984043035073956,0.36890405471123433,-0.8105226873419157,-1.7346999346334522,-0.15203333564735022,0.3309682735270564
3.6666666666666585,-0.19391717462981398,0.35539534325553573,-0.7865165751311695,-1.7371418879293727,-0.14651719775523261,0.3214929807319775
3.683333333333325,-0.1882123957353137,0.3422867336700162,-0.7633940715344835,-1.7394945376195343,-0.14115898140969965,0.31233863274323703
3.6999999999999917,-0.18271967074957302,0.3295634991444415,-0.7411294445016576,-1.7417604265783784,-0.1359533375306457,0.30349887174040113
3.7166666666666583,-0.17743281505397168,0.3172113417360805,-0.719697887943217,-1.7439420102950725,-0.13089502300163902,0.2949673154352494
3.733333333333325,-0.17234587543835456,0.3052163769370269,-0.6990754991673814,-1.7460416586463678,-0.1259789010777182,0.28673758609081956
3.7499999999999916,-0.16745312346139504,0.29356511861757056,-0.679239256589979,-1.7480616576681935,-0.12119994130953787,0.27880333609028496
3.766666666666658,-0.16274904905571053,0.2822444643410709,-0.6601669977987388,-1.750004211318883,-0.11655321904136645,0.2711582704122012
3.7833333333333248,-0.15822835437163676,0.27124168104442525,-0.6418373980381837,-1.7518714432277913,-0.11203391453449643,0.26379616633437714
3.7999999999999914,-0.15388594785368473,0.2605443910771222,-0.6242299491685271,-1.7536653984238288,-0.10763731176225681,0.25671089065753494
3.816666666666658,-0.14971693854383505,0.25014055859098006,-0.6073249391411948,-1.7553880450391282,-0.10335879691796457,0.249896414711742
3.8333333333333246,-0.14571663060596904,0.24001847627196016,-0.5911034320245431,-1.7570412759836742,-0.09919385667276887,0.24334682738304297
3.849999999999991,-0.14188051806588764,0.23016675240488443,-0.5755472486057446,-1.7586269105872807,-0.09513807621638481,0.2370563463746094
3.866666666666658,-0.13820427976153005,0.22057429826145536,-0.5606389475884747,-1.760146696205783,-0.09118713711014133,0.231019327895754
3.8833333333333244,-0.13468377449816926,0.21123031580164744,-0.5463618074007357,-1.7616023097887588,-0.08733681497854542,0.2252302749532162
3.899999999999991,-0.1313150364035309,0.20212428567830185,-0.5326998086227521,-1.7629953594064698,-0.08358297706265849,0.21968384440197467
3.9166666666666576,-0.1280942704779544,0.19324595553458931,-0.5196376170412268,-1.764327385734069,-0.07992157965595892,0.21437485289733768
3.9333333333333242,-0.12501784833488938,0.1845853285839022,-0.5071605673332548,-1.7655998634914192,-0.07634866544100329,0.20929828187602167
3.949999999999991,-0.12208230412719469,0.17613265246168128,-0.49525464738072356,-1.766814202837137,-0.07286036074306959,0.2044492816812727
3.9666666666666575,-0.11928433065488353,0.1678784083386692,-0.48390648321404167,-1.767971750715721,-0.06945287271504838,0.19982317493561566
3.983333333333324,-0.11662077565013183,0.15981330028510185,-0.47310332458242577,-1.7690737921568231,-0.06612248646612146,0.1954154592544694
3.9999999999999907,-0.11408863823554193,0.15192824487539475,-0.462833031146707,-1.77012155152591,-0.06286556214521363,0.19122180938451439
4.016666666666658,-0.1116850655518261,0.14421436102294963,-0.4530840592896174,-1.7711161937257236,-0.05967853198880506,0.1872380788422529
4.033333333333324,-0.10940734955124627,0.13666296003478934,-0.4438454495377655,-1.772058825348081,-0.056557897341434175,0.18346030112056932
4.049999999999991,-0.10725292395331583,0.1292655358758266,-0.4351068145889456,-1.7729504957756825,-0.05350022565609135,0.17988469052421635
4.0666666666666575,-0.10521936135943787,0.1220137556326775,-0.4268583279380433,-1.773792198233694,-0.05050214748068775,0.17650764268892494
4.083333333333324,-0.10330437052332048,0.11489945016704343,-0.41909071309455115,-1.7745848707909584,-0.04756035343587234,0.1733257348332189
4.099999999999991,-0.10150579377417379,0.10791460494880091,-0.41179523338458524,-1.7753293973107693,-0.04467159118865202,0.1703357257869423
4.116666666666657,-0.09982160458985616,0.10105135105905783,-0.4049636823302707,-1.7760266083511949,-0.041832662425536314,0.16753455583592536
4.133333333333324,-0.09824990531729694,0.09430195635355332,-0.39858837459942825,-1.7766772820149994,-0.03904041982827089,0.16491934641806594
4.149999999999991,-0.096788925037682,0.08765881677689619,-0.39266213751862733,-1.7772821447492433,-0.03629176405463646,0.16248739970237278
4.166666666666657,-0.09543701757404445,0.0811144478182524,-0.38717830314287277,-1.777841872094681,-0.03358364072626358,0.16023619807911554
4.183333333333324,-0.09419265963905771,0.07466147609920452,-0.38213070087543155,-1.7783570893850966,-0.03091303742494499,0.15816340358617695
4.19999999999999,-0.0930544491209808,0.068292631084614,-0.37751365063160697,-1.7788283723967384,-0.028276980698508706,0.15626685729391004
4.216666666666657,-0.09202110350585713,0.062000736907420556,-0.37332195654058226,-1.7792562479480207,-0.02567253307694354,0.15454457866830126
4.233333333333324,-0.09109145843421694,0.05577870429841085,-0.36955090117982237,-1.779641194449673,-0.02309679009913852,0.15299476492993277
4.24999999999999,-0.09026446639068227,0.049619522612080476,-0.3661962403368963,-1.7799836424055115,-0.020546877350306306,0.1516157904241644
4.266666666666657,-0.08953919552501895,0.04351625193979887,-0.3632541982939876,-1.78028397486401,-0.018019947509903565,0.15040620601604504
4.2833333333333234,-0.08891482860332618,0.037462015301565746,-0.3607214636307795,-1.7805425278208373,-0.015513177409636147,0.14936473852171947
4.29999999999999,-0.08839066208819753,0.031449990907719425,-0.35859518554183406,-1.7807595905725198,-0.013023765100940823,0.14849029018648668
4.316666666666657,-0.0879661053468305,0.02547340448202219,-0.3568729706650285,-1.7809354060213725,-0.010548926931166045,0.14778193821818708
4.333333333333323,-0.08764067998620374,0.01952552163760505,-0.3555528804180686,-1.7810701709318313,-0.008085894627529594,0.14723893438320562
4.34999999999999,-0.08741401931458201,0.013599640297303907,-0.3546334288405585,-1.7811640361382948,-0.005631912387809501,0.14686070467109308
4.3666666666666565,-0.08728586792874932,0.007689083149961266,-0.35411358093957646,-1.781217106704572,-0.003184233976624616,0.1466468490325727
4.383333333333323,-0.08725608142651095,0.0017871901343016585,-0.35399275153717585,-1.7812294420350065,-0.0007401198260817378,0.1465971411945515
4.39999999999999,-0.08732462624414403,-0.004112689057984606,-0.3542708046187106,-1.7812010559373317,0.0017031658604941204,0.1467115285546153
4.416666666666656,-0.08749157961861563,-0.01001720246829645,-0.354948053181357,-1.7811319166372805,0.004148358003071042,0.1469901321564141
4.433333333333323,-0.08775712967452651,-0.0159330033546524,-0.3560252595826906,-1.7810219467449637,0.006598193539011277,0.14743324674625538
4.4499999999999895,-0.08812157563587701,-0.021866757681030576,-0.35750363638964877,-1.7808710231729952,0.009055414318115533,0.1480413409101625
4.466666666666656,-0.08858532816289132,-0.027825151620858055,-0.359384847728695,-1.7806789770063294,0.011522769999951575,0.1488150572895718
4.483333333333323,-0.0891489098142747,-0.033814899083002975,-0.3616710111384749,-1.7804455933237497,0.014003020954777772,0.14975521287274424
4.499999999999989,-0.08981295563541877,-0.03984274926864422,-0.3643646999267291,-1.7801706109709277,0.01649894116932351,0.15086279935782512
4.516666666666656,-0.09057821387320916,-0.04591549426742304,-0.3674689460337025,-1.7798537222849506,0.019013321158620596,0.15213898358230468
4.533333333333323,-0.09144554681823112,-0.05203997670131809,-0.37098724340474776,-1.7794945727702007,0.02154897088499234,0.15358510801238445
4.549999999999989,-0.09241593177530996,-0.05822309742473055,-0.37492355187528953,-1.7790927607254474,0.024108722685198748,0.15520269128441855
4.566666666666656,-0.09349046216346528,-0.0644718232893187,-0.3792823015717569,-1.778647836822004,0.026695434206605723,0.15699342878919345
4.583333333333322,-0.09467034874650164,-0.07079319498218133,-0.3840683978325418,-1.7781593036327858,0.02931199135309228,0.15895919328825805
4.599999999999989,-0.09595692099560259,-0.07719433494605703,-0.38928722665346027,-1.7776266151120987,0.03196131124122992,0.1611020355498808
4.616666666666656,-0.09735162858544061,-0.08368245539028137,-0.3949446606626126,-1.777049176025981,0.03464634516706126,0.16342418499038353
4.633333333333322,-0.09885604302546269,-0.0902648664013249,-0.4010470656299298,-1.7764263413329215,0.03737008158356765,0.16592805030463936
4.649999999999989,-0.10047185942815975,-0.09694898416182374,-0.4076013075170653,-1.7757574155147775,0.04013554908864497,0.16861622006735863
4.666666666666655,-0.10220089841627822,-0.10374233928710816,-0.41461476007363673,-1.7750416518577259,0.04294581942310095,0.17149146328440426
4.683333333333322,-0.10404510817108381,-0.11065258528833544,-0.42209531298613606,-1.7742782516830953,0.04580401047784102,0.17455672987076487
4.699999999999989,-0.1060065666239411,-0.11768750717143771,-0.4300513805860984,-1.7734663635279448,0.048713289309020434,0.17781515102892564
4.716666666666655,-0.10808748379362787,-0.12485503018120601,-0.4384919111243517,-1.7726050822752866,0.051676875159502526,0.18127003949818896
4.733333333333322,-0.11029020427196029,-0.1321632286999452,-0.4474263966183397,-1.7716934482338786,0.05469804248447234,0.18492488964197765
4.7499999999999885,-0.11261720986046447,-0.13962033531025086,-0.456864883279622,-1.7707304461675701,0.0577801239785053,0.18878337733625364
4.766666666666655,-0.11507112236099078,-0.1472347500315779,-0.46681798252868456,-1.7697150042742238,0.060926513600776194,0.19284935961787905
4.783333333333322,-0.1176547065233306,-0.15501504974038932,-0.4772968826041354,-1.768645993114317,0.0641406695944075,0.19712687404697335
4.799999999999988,-0.12037087315306046,-0.16296999778379156,-0.4883133607731878,-1.767522224489397,0.0674261174951904,0.20162013773203688
4.816666666666655,-0.12322268238300509,-0.17110855379667803,-0.49987979615003897,-1.7663424502706628,0.07078645312405768,0.2063335459607669
4.8333333333333215,-0.1262133471118803,-0.17943988373251202,-0.5120091831282945,-1.7651053611780505,0.07422534555673713,0.21127167037301206
4.849999999999988,-0.12934623661384667,-0.1879733701179836,-0.5247151454329638,-1.7638095855103346,0.07774654006295399,0.21643925660513888
4.866666666666655,-0.13262488032287778,-0.19671862254186634,-0.5380119507966998,-1.762453687826895,0.08135386100637297,0.2218412213271469
4.883333333333321,-0.13605297179601908,-0.205685488388478,-0.5519145262638572,-1.7610361675819757,0.08505121469515875,0.22748264858506956
4.899999999999988,-0.13963437285978922,-0.21488406382620895,-0.5664384741245476,-1.7595554577124495,0.08884259217157657,0.23336878535147432
4.9166666666666545,-0.14337311794414953,-0.22432470506161808,-0.5816000884791186,-1.7580099231803257,0.09273207192743448,0.23950503617608865
4.933333333333321,-0.14727341860864293,-0.2340180398696034,-0.5974163724313089,-1.7563978594714862,0.09672382253036929,0.2458969568166701
4.949999999999988,-0.15133966826547834,-0.24397497941012522,-0.61390505590568,-1.75471749105242,0.10082210514398046,0.252550246717036
4.966666666666654,-0.1555764471045098,-0.25420673034188657,-0.6310846140816785,-1.7529669697870434,0.10503127592259773,0.25947074018457883
4.983333333333321,-0.1599885272252306,-0.2647248072432479,-0.6489742864327542,-1.7511443733160599,0.10935578825900738,0.26666439610346176
4.999999999999988,-0.1645808779810716,-0.2755410453504604,-0.6675940963542295,-1.7492477034017144,0.11380019486073174,0.2741372860018455
5.016666666666654,-0.16935867154145545,-0.2866676136230309,-0.6869648713579241,-1.7472748842412573,0.11836914962742917,0.281895580271774
5.033333333333321,-0.1743272886772165,-0.298117028145663,-0.7071082638047231,-1.7452237607529468,0.1230674092986254,0.2899455323185813
5.049999999999987,-0.17949232477514554,-0.3099021658757417,-0.7280467721381462,-1.7430920968389922,0.12789983483726844,0.2982934603926078
5.066666666666654,-0.1848595960875574,-0.3220362787447108,-0.7498037625722627,-1.7408775736304842,0.13287139251047858,0.30694572682947163
5.083333333333321,-0.19043514622290597,-0.3345330081209152,-0.7724034911757642,-1.7385777877200792,0.1379871546243031,0.31590871439583423
5.099999999999987,-0.19622525288358117,-0.34740639964051123,-0.7958711262802819,-1.7361902493890087,0.14325229986423368,0.32518879940529594
5.116666666666654,-0.20223643485711199,-0.3606709184118493,-0.8202327711247663,-1.7337123808358812,0.14867211318765527,0.3347923212334357
5.13333333333332,-0.20847545926706634,-0.37434146459726203,-0.8455154866284538,-1.7311415144157443,0.15425198520821254,0.34472554782181286
5.149999999999987,-0.21494934908997307,-0.3884333893744029,-0.8717473141620992,-1.7284748908989902,0.15999741100524276,0.3549946367175689
5.166666666666654,-0.22166539094459148,-0.4029625112771046,-0.8989572981601244,-1.7257096577609257,0.1659139882838689,0.3656055911478342
5.18333333333332,-0.22863114315980992,-0.41794513291310664,-0.9271755083843807,-1.722842867514209,0.17200741480299947,0.3765642105760038
5.199999999999987,-0.23585444412735737,-0.4333980580528463,-0.9564330616124428,-1.7198714760978877,0.1782834849792662,0.38787603512978475
5.2166666666666535,-0.24334342094535272,-0.44933860907972034,-0.9867621424787704,-1.716792341338475,0.1847480855647626,0.39954628322824615
5.23333333333332,-0.25110649835848103,-0.4657846447876999,-1.0181960231444263,-1.7136022215003877,0.19140719028523337,0.4115797816665505
5.249999999999987,-0.25915240800026057,-0.48275457850677367,-1.0507690814089383,-1.7102977739451708,0.19826685331300922,0.42398088734222117
5.266666666666653,-0.2674901979424315,-0.500267396530256,-1.0845168168046677,-1.706875553921248,0.2053332014353796,0.43675339972516986
5.28333333333332,-0.27612924255593707,-0.5183426768103337,-1.1194758641277356,-1.7033320135085124,0.21261242476413242,0.4499004630850644
5.2999999999999865,-0.28507925268725587,-0.5370006078791293,-1.155684003757885,-1.69966350074492,0.22011076581555017,0.46342445739342814
5.316666666666653,-0.2943502861529519,-0.5562620079417607,-1.1931801679999388,-1.6958662589653848,0.22783450677210731,0.47732687671398083
5.33333333333332,-0.30395275855420345,-0.5761483440750931,-1.2320044425386216,-1.6919364263867624,0.23578995471734032,0.4916081937829076
5.349999999999986,-0.31389745441171574,-0.5966817514507368,-1.272198061932802,-1.6878700359765337,0.2439834246137221,0.506267709361003
5.366666666666653,-0.3241955386197649,-0.6178850524829501,-1.3138033978804282,-1.683663015647038,0.2524212197697388,0.5213033848120705
5.3833333333333195,-0.3348585682161142,-0.6397817757809573,-1.356863938756633,-1.6793111888217613,0.26110960951660667,0.5367116562271337
5.399999999999986,-0.3458985044621181,-0.6623961747602345,-1.401424258658928,-1.6748102754253102,0.2700548037870589,0.5524872282726381
5.416666666666653,-0.3573277252244162,-0.6857532457378833,-1.4475299738785021,-1.670155893354339,0.2792629242582695,0.5686228457943053
5.433333333333319,-0.36915903764612495,-0.709878745302525,-1.495227684347675,-1.6653435604928695,0.28873997168817456,0.5851090410585816
5.449999999999986,-0.3814056910912636,-0.7347992067083197,-1.544564897181845,-1.660368697342217,0.2984917890391509,0.6019338543634414
5.466666666666653,-0.394081390341175,-0.7605419549946838,-1.5955899289296933,-1.6552266303431302,0.3085240199452083,0.6190825256037206
5.483333333333319,-0.4072003090157891,-0.7871351204768453,-1.6483517825566292,-1.64991259597582,0.3188420620386036,0.6365371542382308
5.499999999999986,-0.4207771031855578,-0.8146076501861225,-1.7028999945005816,-1.6444217457323327,0.32945101460924076,0.6542763249838733
5.516666666666652,-0.43482692513157667,-0.8429893167611322,-1.759284446341832,-1.6387491520652386,0.3403556200256386,0.6722746964650326
5.533333333333319,-0.4493654372015794,-0.8723107242001628,-1.8175551347037266,-1.6328898154269045,0.35156019830005586,0.6905025499867341
5.549999999999986,-0.4644088256978887,-0.9026033097785582,-1.8777618919312487,-1.626838672524685,0.3630685741331681,0.7089252955931553
5.566666666666652,-0.4799738147197345,-0.9338993413107457,-1.9399540488608706,-1.6205906059292452,0.37488399572638736,0.7275029326389688
5.583333333333319,-0.49607767986626383,-0.9662319087917602,-2.004180029578058,-1.61414045518585,0.3870090446037035,0.7461894622651061
5.599999999999985,-0.512738261687676,-0.9996349092847279,-2.0704868664381597,-1.6074830295918259,0.39944553564145524,0.7649322494651094
5.616666666666652,-0.5299739787497654,-1.034143023725364,-2.1389196217828093,-1.6006131228173945,0.41219440646587374,0.7836713328932392
5.633333333333319,-0.5478038401512388,-1.0697916840884107,-2.209520700699831,-1.593525529561604,0.42525559534742774,0.8023386812513632
5.649999999999985,-0.5662474573029067,-1.1066170291000745,-2.2823290368369005,-1.5862150644499105,0.4386279067016171,0.8208573960597138
5.666666666666652,-0.5853250547425849,-1.1446558463806895,-2.3573791306814806,-1.5786765833948668,0.45230886330261233,0.8391408619433119
5.6833333333333185,-0.6050574797185635,-1.1839454985587141,-2.434699916867058,-1.57090500765595,0.46629454433500084,0.8570918473425106
5.699999999999985,-0.6254662102270051,-1.2245238305064985,-2.5143134339800604,-1.5628953508483272,0.480579408457376,0.8746015608940693
5.716666666666652,-0.6465733611337745,-1.2664290544061663,-2.59623326706907,-1.5546427491626782,0.4951561011389438,0.8915486717593845
5.733333333333318,-0.6684016879480631,-1.3096996088573174,-2.6804627296779335,-1.546142495068207,0.5100152456682668,0.9077983060534024
5.749999999999985,-0.6909745877428178,-1.354373987685283,-2.766992748863668,-1.53739007477761,0.5251452174358235,0.9232010364281656
5.7666666666666515,-0.7143160966344791,-1.4004905334996773,-2.8557994135077105,-1.5283812097546716,0.5405319013762929,0.9375918879887786
5.783333333333318,-0.7384508831410037,-1.4480871903914725,-2.946841143556917,-1.5191119025406254,0.5561584328427726,0.9507893912840089
5.799999999999985,-0.7634042366318496,-1.4972012094507545,-3.0400554360169867,-1.5095784871623337,0.572004922697506,0.9625947223473221
5.816666666666651,-0.7892020499660336,-1.5478688000510377,-3.1353551430792512,-1.4997776843611677,0.5880481680699614,0.9727909808897764
5.833333333333318,-0.8158707952844062,-1.6001247191023584,-3.232624239372061,-1.4897066618430879,0.6042613510847911,0.9811426709602907
5.8499999999999845,-0.8434374917803822,-1.6540017897585595,-3.331713039870984,-1.4793630996941858,0.6206137289341292,0.9873954638232817
5.866666666666651,-0.8719296641207668,-1.709530340423076,-3.4324328385903558,-1.4687452610275549,0.6370703199978506,0.9912763404763912
5.883333333333318,-0.9013752900274264,-1.7667375543995818,-3.5345499521818424,-1.457852067821903,0.6535915923391238,0.9924942309717402
5.899999999999984,-0.9318027353652477,-1.8256467202692792,-3.637779173616968,-1.4466831817743142,0.6701331628553194,0.9907412890597718
5.916666666666651,-0.9632406749179626,-1.8862763731628953,-3.7417766711047,-1.4352390898130978,0.6866455176729823,0.9856949627831053
5.933333333333318,-0.9957179968793177,-1.948639317681307,-3.8461324083349298,-1.4235211936955527,0.7030737670527007,0.9770210430873665
5.949999999999984,-1.0292636889540991,-2.012741524486889,-3.950362216106965,-1.4115319028438167,0.7193574511041568,0.9643778911287216
5.966666666666651,-1.063906703866688,-2.0785808947553384,-4.053899714227752,-1.3992747292445449,0.7354304159563022,0.9474220576652226
5.983333333333317,-1.0996758020332291,-2.1461458899924675,-4.1560883674469045,-1.3867543828514772,0.7512207835840559,0.9258155105563713
5.999999999999984,-1.1365993691907277,-2.215414029449916,-4.256174060139539,-1.3739768654832551,0.7666510420933287,0.8992346736067843
6.016666666666651,-1.1747052069204873,-2.286350263785575,-4.353298689506878,-1.3609495607056978,0.7816382866534417,0.8673814452654572
6.033333333333317,-1.214020294286221,-2.3589052419440226,-4.446495401412185,-1.347681316637789,0.7960946440745327,0.8299963016271686
6.049999999999984,-1.2545705192634582,-2.433013498634226,-4.534686217862574,-1.3341825180416504,0.8099279157683188,0.7868734870986717
6.06666666666665,-1.2963803793012127,-2.508591602265269,-4.616682916942431,-1.3204651434768733,0.82304247388663,0.7378781511242073
6.083333333333317,-1.33947265126034,-2.5855363175476427,-4.691192105493936,-1.306542802759006,0.8353404430720335,0.682965096137406
6.099999999999984,-1.3838680321376602,-2.6637228526392085,-4.756825447310402,-1.292430749514434,0.8467231946743236,0.6221985607948343
6.11666666666665,-1.429584753417011,-2.7430032767610486,-4.81211594612303,-1.2781458633363079,0.8570931706875707,0.5557721814036533
6.133333333333317,-1.476638173570285,-2.8232052091964324,-4.855541003113013,-1.2637065959966807,0.8663560403776316,0.484027971398627
6.1499999999999835,-1.5250403551133125,-2.9041308925816494,-4.885552646991973,-1.249132876442776,0.8744231732342753,0.40747286428925183
6.16666666666665,-1.5747996346138378,-2.9855567700315158,-4.900614856174373,-1.2344459699821244,0.8812143876390962,0.3267911231350234
6.183333333333317,-1.6259201960188558,-3.0672336843010886,-4.899247262701793,-1.219668288209491,0.8866609063580133,0.2428507833394003
6.199999999999983,-1.6784016594412912,-3.1488878053461185,-4.88007378058329,-1.2048231478859297,0.89070841941367,0.15670232369355913
6.21666666666665,-1.7322386989138885,-3.23022236835584,-4.841873905669287,-1.1899344791391204,0.8933201248085626,0.06956800528734232
6.2333333333333165,-1.787420703360283,-3.3109202667836612,-4.783633692510466,-1.175026485946398,0.8944795915633517,-0.017179188966013843
6.249999999999983,-1.8439314949434857,-3.390647494992169,-4.7045928525746055,-1.1601232647506103,0.8941932717472514,-0.10204734283386686
6.26666666666665,-1.901749117874626,-3.4690573758684122,-4.6042841688935185,-1.1452483900389434,0.8924924827000202,-0.18346751729680458
6.283333333333316,-1.9608457086304587,-3.5457954453499707,-4.482561592329397,-1.1304244785265256,0.8894346907450735,-0.25984414542636597
6.299999999999983,-2.021187455384161,-3.620504805222127,-4.339614027749336,-1.1156727459433928,0.8851039549879675,-0.32961128475293267
6.3166666666666496,-2.0827346504789044,-3.692831705684616,-4.175962909681618,-1.101012572050469,0.8796104335754186,-0.391291311368739
6.333333333333316,-2.145441835270782,-3.762431087512643,-3.992443094483154,-1.0864610901884812,0.8730889117192729,-0.4435521951796345
6.349999999999983,-2.209258032033349,-3.828971805754029,-3.7901681730478263,-1.0720328172695988,0.8656963751329457,-0.4852594906021399
6.366666666666649,-2.2741270532884297,-3.892141275304826,-3.5704828071341015,-1.0577393386536613,0.8576087169562434,-0.515519632989007
6.383333333333316,-2.3399878753232697,-3.9516493220903945,-3.334905892257235,-1.0435890599357764,0.8490167230730933,-0.5337119861050718
6.399999999999983,-2.406775060105959,-4.007231086961348,-3.085069083248286,-1.0295870345473652,0.8401215233046754,-0.5395082061783174
6.416666666666649,-2.4744192085228836,-4.058648905015486,-2.8226554051210866,-1.015734872549559,0.83112971986837,-0.5328786971792485
6.433333333333316,-2.5428474278856754,-4.105693161767505,-2.549342330559313,-1.0020307324120803,0.8222484082487159,-0.5140870500149989
6.449999999999982,-2.611983797895845,-4.14818220061016,-2.266752940120577,-0.9884693942329392,0.8136802907484659,-0.483674237840275
6.466666666666649,-2.681749821500492,-4.185961416278836,-1.976417749672044,-0.9750424100087538,0.805619053451128,-0.4424348904817677
6.483333333333316,-2.7520648500356035,-4.218901712106703,-1.6797486636377887,-0.9617383243652577,0.7982451386097652,-0.3913881682136228
6.499999999999982,-2.8228464754217257,-4.246897523167333,-1.3780254437145953,-0.9485429576573765,0.7917220024728715,-0.33174563196018136
6.516666666666649,-2.894010885653324,-4.269864613895909,-1.0723941781082715,-0.9354397425139287,0.7861929086068685,-0.26487813684044453
6.5333333333333155,-2.9654731831566195,-4.287737850197714,-0.7638765504724124,-0.9224101046307144,0.7817782729928611,-0.19228325117672213
6.549999999999982,-3.0371476685906016,-4.300469126038921,-0.45338824612965906,-0.9094338787617158,0.7785735521399157,-0.11555411611065984
6.566666666666649,-3.108948095204064,-4.308025596807749,-0.14176456494749798,-0.8964897512583034,0.7766476502047381,-0.036350091358968724
6.583333333333315,3.102397406316241,-4.310388339556874,0.17020881587193107,-0.8835557210024908,0.7760418153487553,0.04363095905553554
6.599999999999982,3.030604880883591,-4.307551525959008,0.4817620260687288,-0.8706095710358295,0.7767689979996809,0.12267925993295824
6.6166666666666485,2.95894617823596,-4.2995221588578625,0.7921062335453557,-0.8576293434969645,0.7788136523318969,0.19909934463173623
6.633333333333315,2.887507505097647,-4.2863203882987735,1.1004000199741073,-0.8445938105845907,0.7821319747424259,0.2712367218022767
6.649999999999982,2.816374498631549,-4.2679803879658715,1.4057190009626896,-0.8314829341383829,0.7866525867724639,0.33750572234858983
6.666666666666648,2.7456319696657188,-4.244551737949827,1.7070307862699436,-0.818278306102634,0.7922776821449403,0.39641901715266153
6.683333333333315,2.6753636159182967,-4.216101224845328,2.0031773296947257,-0.8049635616732315,0.7988846657641513,0.44661891132895076
6.6999999999999815,2.605651700318012,-4.182714936017083,2.2928665815472984,-0.7915247564351264,0.8063283142863005,0.48691001999300604
6.716666666666648,2.5365766921014905,-4.144500492991295,2.5746750727037204,-0.77795069841369,0.8144434812861839,0.516292356520606
6.733333333333315,2.4682168714051644,-4.101589241779566,2.8470625780317786,-0.7642332258487756,0.8230483538948608,0.5339932794107531
6.749999999999981,2.4006479014249584,-4.054138198812369,3.1083993002652277,-0.7503674218173583,0.83194824188504,0.5394962292315981
6.766666666666648,2.333942375694826,-4.002331543807949,3.357005092757133,-0.7363517577222655,0.8409398457055667,0.5325638357995811
6.783333333333315,2.268169351379348,-3.946381458928663,3.591199160202444,-0.7221881592283395,0.8498159096355598,0.513252879212217
6.799999999999981,2.2033938823861487,-3.886528139591956,3.8093575522953027,-0.7078819904901879,0.8583701242890966,0.4819188172317047
6.816666666666648,2.139676568268587,-3.823038847053701,4.00997475080653,-0.6934419554139163,0.8664021045762917,0.43920817429089365
6.833333333333314,2.0770731360262493,-3.7562059345402585,4.191724918010623,-0.6788799180670084,0.8737222408144732,0.3860379933706059
6.849999999999981,2.0156340718166925,-3.686343852573415,4.353518077989315,-0.6642106479441643,0.88015620737065,0.323562685161532
6.866666666666648,1.9554043181843548,-3.6137852179402596,4.494546739408351,-0.6494514992976641,0.8855489187900089,0.25312981762992337
6.883333333333314,1.8964230497574084,-3.538876105616787,4.614319248870026,-0.6346220368129334,0.8897677490838409,0.17622749205918103
6.899999999999981,1.8387235366773702,-3.4619707848022867,4.712677399148667,-0.6197436222470751,0.8927048739514939,0.09442677492062823
6.916666666666647,1.7823331006526513,-3.3834261614831425,4.789797332397322,-0.6048389780215168,0.8942786535335043,0.009323070197619956
6.933333333333314,1.7272731638869314,-3.303596205943187,4.846174350903319,-0.5899317440542368,0.894434038036798,-0.07751973056105925
6.949999999999981,1.6735593866631293,-3.2228266334281317,4.882593651564346,-0.575046043345446,0.893142042527447,-0.16461896430712147
6.966666666666647,1.6212018854536505,-3.141450072568726,4.9000900540187065,-0.5602060701267405,0.8903983931223283,-0.250614236114305
6.983333333333314,1.570205520370288,-3.0597819050017474,4.899900392054043,-0.5454357119736224,0.8862214891870899,-0.33429823931184993
6.9999999999999805,1.5205702387291629,-2.9781168984675133,4.883412366545426,-0.5307582144425353,0.8806498518652257,-0.4146368412187313
7.016666666666647,1.4722914605231892,-2.8967266923584227,4.852113375401877,-0.5161958938117868,0.8737392378449135,-0.4907788397020981
7.033333333333314,1.4253604915881604,-2.815858136101725,4.807542252901757,-0.5017699006365111,0.8655595905165452,-0.5620565133200158
7.04999999999998,1.3797649510567154,-2.735732431886696,4.751246099221176,-0.4875000342704909,0.8561919819612116,-0.6279785577580964
7.066666666666647,1.3354892011083874,-2.6565449968996764,4.684743586067559,-0.47340460639273685,0.8457256726652433,-0.6882172244872582
7.0833333333333135,1.292514768822856,-2.5784659371318837,4.609495385712286,-0.45950034996622924,0.8342553855904558,-0.7425914883654612
7.09999999999998,1.2508207519222447,-2.5016410140366787,4.526881753723489,-0.4458023689531565,0.8218788607843648,-0.7910479225489679
7.116666666666647,1.2103842021754454,-2.4261929848079538,4.438186831624888,-0.43232412347412513,0.808694728741882,-0.8336407098569085
7.133333333333313,1.1711804821040976,-2.352223204280872,4.344588927821034,-0.4190774448589429,0.7948007169109335,-0.870511922899137
7.14999999999998,1.1331835922904778,-2.279813388817188,4.247155867353161,-0.4060725751112326,0.7802921848626145,-0.9018729031506221
7.1666666666666465,1.0963664679955671,-2.2090274576946354,4.146844446663904,-0.39331822561439755,0.7652609698101042,-0.9279872910864129
7.183333333333313,1.060701244935841,-2.13991338358357,4.044503058370543,-0.3808216503650865,0.749794514958664,-0.949156022553785
7.19999999999998,1.0261594949478845,-2.0725049992773945,3.940876634428063,-0.3685887295664848,0.7339752479161009,-0.9657044178064631
7.216666666666646,0.9927124329139357,-2.006823722036927,3.836613169762628,-0.3566240599950516,0.7178801742859932,-0.9779713488931083
7.233333333333313,0.9603310967604766,-1.94288016920755,3.732271213784561,-0.34493104913164424,0.7015806518044414,-0.9863003736909923
7.24999999999998,0.9289865026108465,-1.8806756489778071,3.6283278409861377,-0.33351201059426216,0.6851423122429249,-0.9910326638071607
7.266666666666646,0.8986497773059348,-1.820203518294705,3.5251867257506526,-0.32236825890793763,0.6686251011794722,-0.9925015211414977
7.283333333333313,0.8692922705359537,-1.7614504061988607,3.423186046023354,-0.31150020208859686,0.6520834091604472,-0.9910282667781792
7.299999999999979,0.8408856487787569,-1.704397305431805,3.3226060238899526,-0.3009074308989167,0.6355662713808108,-0.9869192896309521
7.316666666666646,0.8134019731393074,-1.6490205383669723,3.223675978516323,-0.2905888039563562,0.6191176165536283,-0.9804640556690626
7.333333333333313,0.7868137630494457,-1.5952926053917003,3.1265808196015756,-0.2805425281403705,0.6027765489591439,-0.9719338975334167
7.349999999999979,0.7610940476316956,-1.5431829250650073,3.0314669493497197,-0.2707662339625885,0.5865776506669202,-0.9615814259301672
7.366666666666646,0.7362164063665426,-1.4926584759091786,2.9384475700427184,-0.26125704573645375,0.5705512935680841,-0.9496404262778501
7.383333333333312,0.7121550005375126,-1.4436843497418,2.847607414631819,-0.2520116465176184,0.5547239531301199,-0.9363261253212034
7.399999999999979,0.6888845967681025,-1.396224226164603,2.7590069312096923,-0.2430263378891501,0.5391185177080998,-0.9218357319904815
7.416666666666646,0.6663805838129174,-1.350240777311108,2.672685960392487,-0.23429709474179022,0.5237545888415918,-0.9063491742574413
7.433333333333312,0.644618983624508,-1.3056960113045666,2.588666948874134,-0.2258196152539463,0.5086487692706344,-0.8900299689681508
7.449999999999979,0.6235764575885636,-1.2625515621566643,2.5069577438050894,-0.217589366313038,0.49381493645449853,-0.8730261746496976
7.4666666666666455,0.6032303087036762,-1.220768933093246,2.4275540120554533,-0.20960162464286572,0.4792645002103369,-0.8554713882322618
7.483333333333312,0.5835584803776931,-1.1803096995589886,2.350441326511392,-0.20185151391386907,0.4650066437397992,-0.8374857556997516
7.499999999999979,0.5645395524201854,-1.1411356774504653,2.2755969588239235,-0.19433403811701125,0.45104854781147,-0.8191769741061051
7.516666666666645,0.5461527347290176,-1.1032090614700665,2.2029914148479715,-0.18704411147962732,0.4373955982430349,-0.8006412683976507
7.533333333333312,0.5283778590975298,-1.066492537889267,2.132589745640332,-0.1799765851945761,0.42405157710307406,-0.7819643312811783
7.5499999999999785,0.5111953695064977,-1.030949375461928,2.0643526635105505,-0.17312627122376964,0.41101883824838775,-0.7632222181699901
7.566666666666645,0.49458631121088514,-0.9965434977367522,1.9982374893602712,-0.16648796342467706,0.39829846794555457,-0.7444821922013141
7.583333333333312,0.47853231888453934,-0.9632395395807477,1.934198954480782,-0.1600564562345293,0.385890431408866,-0.7258035166000356
7.599999999999978,0.4630156040455493,-0.9310028903394013,1.8721898771485732,-0.15382656113232598,0.3737937061321987,-0.7072381933951588
7.616666666666645,0.4480189419502117,-0.8997997257202585,1.8121617317847647,-0.14779312108384354,0.36200640290894603,-0.6888316487856941
7.6333333333333115,0.43352565811370314,-0.8695970301905124,1.7540651261299602,-0.1419510231600238,0.35052587542918445,-0.6706233663922584
7.649999999999978,0.41951961459000847,-0.8403626114216797,1.6978501998245847,-0.13629520950464635,0.3393488193226468,-0.6526474702938581
7.666666666666645,0.40598519612182066,-0.81206510809127,1.6434669559621948,-0.1308206868132394,0.32847136148441586,-0.634933260197026
7.683333333333311,0.3929072962525112,-0.7846739921585667,1.5908655355820447,-0.12552253447188721,0.3178891404811321,-0.6175057013654893
7.699999999999978,0.38027130347641896,-0.7581595665655326,1.5399964436676972,-0.12039591149202543,0.3075973787917073,-0.6003858720925694
7.716666666666645,0.3680630874902344,-0.732492959171071,1.490810734000624,-0.11543606236552269,0.29759094759016447,-0.5835913715567944
7.733333333333311,0.35626898559682785,-0.707646113604394,1.4432601591619034,-0.11063832195334128,0.2878644247308846,-0.5671366908886675
7.749999999999978,0.34487578930318846,-0.6835917776183623,1.3972972910625556,-0.10599811951085117,0.27841214654940677,-0.5510335502128452
7.766666666666644,0.33387073114595534,-0.6603034894339864,1.352875616596476,-0.10151098194342018,0.26922825404585937,-0.5352912043302512
7.783333333333311,0.3232414717711101,-0.6377555624907119,1.309949612333471,-0.09717253637719203,0.26030673397368853,-0.5199167195808149
7.799999999999978,0.3129760872885798,-0.6159230689518207,1.268474801589311,-0.09297851212195857,0.2516414553140083,-0.5049152242885824
7.816666666666644,0.30306305691760205,-0.5947818222586655,1.2284077967122302,-0.08892474209569415,0.24322620157586525,-0.4902901350438225
7.833333333333311,0.29349125093459993,-0.5743083589801283,1.1897063289997243,-0.08500716377360856,0.23505469932513487,-0.4760433609264443
7.849999999999977,0.2842499189318755,-0.5544799201634663,1.1523292682957855,-0.081221819718447,0.22712064330969414,-0.4621754876255666
7.866666666666644,0.2753286783925666,-0.5352744323585364,1.116236634008364,-0.07756485774318142,0.2194177185159347,-0.4486859432638956
7.883333333333311,0.26671750358492663,-0.516670488458397,1.0813895990221443,-0.07403253075215581,0.21193961946153644,-0.43557314759480786
7.899999999999977,0.25840671477701505,-0.4986473284746946,1.0477504877562862,-0.07062119630212876,0.20468006700162297,-0.42283464610577987
7.916666666666644,0.250386967771258,-0.4811848203454232,1.0152827694248125,-0.06732731592046443,0.19763282289985998,-0.4104672304350023
7.9333333333333105,0.24264924375700786,-0.46426344085500965,0.9839510473940692,-0.06414745421392093,0.19079170239260995,-0.39846704638893576
7.949999999999977,0.23518483947814495,-0.44786425673177516,0.9537210453928444,-0.06107827779804102,0.18415058495279435,-0.38682969073752876
7.966666666666644,0.22798535771189116,-0.43196890597522775,0.9245595912127991,-0.058116554074032656,0.17770342344050222,-0.3755502978605806
7.98333333333331,0.2210426980543076,-0.41655957945501443,0.8964345984366823,-0.05525914987720778,0.17144425180949255,-0.3646236172233199
7.999999999999977,0.21434904800740087,-0.40161900281440305,0.8693150466467834,-0.05250303001850049,0.16536719152243723,-0.35404408257121067
8.016666666666644,0.20789687436234047,-0.3871304187036233,0.8431709604939348,-0.04984525573828521,0.15946645681291705,-0.3438058736530569
8.033333333333312,0.20167891487297285,-0.3730775693620577,0.8179733879462069,-0.04728298308964022,0.15373635891869944,-0.3339029712072012
8.04999999999998,0.19568817021359028,-0.3594446795629543,0.7936943779845819,-0.04481346126633056,0.14817130939857942,-0.3243292058776499
8.066666666666647,0.189917896214759,-0.34621643992987794,0.7703069579689724,-0.04243403088909803,0.14276582263395193,-0.3150783016647806
8.083333333333314,0.18436159637091906,-0.3333779906303951,0.7477851108607508,-0.04014212226232794,0.1375145176062056,-0.30614391445860745
8.099999999999982,0.17901301461342936,-0.32091490544938256,0.726103752456482,-0.03793525361179635,0.13241211903189545,-0.29751966615089553
8.11666666666665,0.17386612834273313,-0.3088131762417745,0.7052387087609312,-0.03581102931297334,0.12745345792938054,-0.2891991747753613
8.133333333333317,0.16891514171335936,-0.2970591977624257,0.6851666936049271,-0.0337671381182546,0.12263347168312452,-0.28117608108242625
8.149999999999984,0.16415447916554252,-0.2856397528690102,0.6658652865946608,-0.031801351390503205,0.11794720366508409,-0.2734440719161007
8.166666666666652,0.15957877919733532,-0.2745419980924325,0.6473129114629813,-0.029911521349395166,0.1133898024664824,-0.26599690072529236
8.18333333333332,0.15518288837120117,-0.26375344956804947,0.6294888148797401,-0.028095579336266375,0.10895652078772754,-0.25882840550980724
8.199999999999987,0.15096185554920027,-0.2532619693200538,0.6123730457668807,-0.026351534102445864,0.10464271402923075,-0.2519325244722665
8.216666666666654,0.1469109263510235,-0.24305575189060577,0.5959464351544187,-0.024677470125423203,0.10044383862135965,-0.24530330962084587
8.233333333333322,0.14302553782927854,-0.2331233113046988,0.580190576605443,-0.023071545956628556,0.09635545012767889,-0.23893493854391962
8.24999999999999,0.13930131335659063,-0.22345346836127475,0.5650878072315774,-0.02153199260409611,0.0923732011519469,-0.23282172455607955
8.266666666666657,0.13573405771924482,-0.21403533824074847,0.5506211893147362,-0.020057111952829238,0.08849283907601224,-0.22695812539548835
8.283333333333324,0.1323197524122642,-0.2048583184188362,0.5367744925463597,-0.018645275225283336,0.0847102036527541,-0.22133875063482958
8.299999999999992,0.12905455113099093,-0.19591207687639686,0.5235321768914512,-0.017294921484024887,0.08102122447550694,-0.2159583679521369
8.31666666666666,0.12593477545440973,-0.18718654059487266,0.5108793760815525,-0.016004556178308697,0.07742191834297132,-0.2108119083933236
8.333333333333327,0.12295691071562895,-0.17867188432684677,0.4988018817381888,-0.0147727497360351,0.07390838653641593,-0.20589447074516365
8.349999999999994,0.12011760205510878,-0.1703585196312103,0.4872861281261746,-0.013598136202301823,0.07047681202399654,-0.20120132512566377
8.366666666666662,0.11741365065240143,-0.1622370841624407,0.47631917753447006,-0.012479411925547898,0.06712345660523547,-0.196727915888085
8.38333333333333,0.11484201013234255,-0.15429843120353287,0.46588870628089446,-0.01141533429209622,0.06384465800710072,-0.19246986392523735
8.399999999999997,0.11239978314180614,-0.14653361943218463,0.45598299133593745,-0.010404720509734885,0.0606368269416801,-0.18842296845195625
8.416666666666664,0.11008421809330748,-0.138933902909919,0.44659089756008113,-0.009446446440832427,0.05749644413414749,-0.18458320833579422
8.433333333333332,0.10789270607190886,-0.13149072128391764,0.4377018655484288,-0.008539445485356578,0.05442005732855092,-0.18094674303887287
8.45,0.10582277790205147,-0.12419569019144383,0.4293059000760036,-0.007682707514058193,0.051404278277903045,-0.17750991322740345
8.466666666666667,0.10387210137110407,-0.11704059185684378,0.4213935591367911,-0.006875277851989644,0.048445779724112986,-0.17426924109960665
8.483333333333334,0.10203847860658356,-0.1100173658712306,0.41395594356944476,-0.006116256312448763,0.04554129237245288,-0.1712214304775176
8.500000000000002,0.10031984360416568,-0.10311810014507318,0.4069846872625151,-0.005404796281373858,0.04268760186449425,-0.16836336670344304
8.51666666666667,0.09871425990376516,-0.09633502202403127,0.40047194793211244,-0.004740103852161021,0.039881545752770205,-0.1656921163775604
8.533333333333337,0.09721991841112355,-0.08966048955849606,0.39441039846501746,-0.00412143701083084,0.03712001047981087,-0.16320492696929387
8.550000000000004,0.09583513536250002,-0.08308698291741244,0.38879321882044104,-0.003548104871436574,0.03439992836365597,-0.16089922633161113
8.566666666666672,0.09455835043021549,-0.07660709593707175,0.38361408848386275,-0.003019466961578866,0.03171827459146245,-0.1587726221442231
8.58333333333334,0.09338812496695426,-0.07021352779567404,0.37886717946665954,-0.002534932557872332,0.029072064222392068,-0.15682290130881202
8.600000000000007,0.09232314038687821,-0.06389907480456304,0.3745471498455485,-0.0020939600711960228,0.026458349200578535,-0.15504802931681727
8.616666666666674,0.09136219668175925,-0.05765662230713724,0.37064913783621767,-0.0016960564815521632,0.02387421537863158,-0.15344614960795086
8.633333333333342,0.09050421107048369,-0.05147913667653361,0.3671687563958931,-0.0013407768223549566,0.0213167795518324,-0.15201558293546955
8.65000000000001,0.08974821678042921,-0.04535965740326872,0.3641020883499829,-0.0010277237139731583,0.018783186502907907,-0.1507548267522767
8.666666666666677,0.08909336195936084,-0.03929128926410234,0.36144568203835886,-0.0007565469463558811,0.01627060605703663,-0.14966255463012745
8.683333333333344,0.08853890871663646,-0.033267194563463026,0.3591965474772598,-0.0005269431105803061,0.013776230146534504,-0.14873761572257543
8.700000000000012,0.08808423229265576,-0.027280585438842028,0.35735215303324697,-0.0003386552791721131,0.01129726988449158,-0.1479790342807654
8.71666666666668,0.08772882035562873,-0.021324716221621246,0.3559104226060898,-0.0001914727350641327,0.008830952646478823,-0.14738600922977824
8.733333333333347,0.08747227242488118,-0.015392875844853084,0.35486973331792343,-8.523074907553516e-05,0.0063745191593158525,-0.14695791381190537
8.750000000000014,0.08731429942005527,-0.00947838028955436,0.35422891370648285,-1.9810405812466898e-05,0.003925220595784096,-0.1466942953019916
8.766666666666682,0.08725472333570339,-0.0035745650611129784,0.3539872424206913,4.861522088937031e-06,0.0014803156740842358,-0.1465948747988051
8.78333333333335,0.08729347704091281,0.00232522231256521,0.3541444474173558,-1.118734856488268e-05,-0.0009629322392291826,-0.14665954709525716
8.800000000000017,0.08743060420373816,0.00822762976952114,0.3547007056582001,-6.797498230071827e-05,-0.0034072580241501353,-0.14688838062919946
8.816666666666684,0.08766625934035746,0.014139308197157807,0.3556566433069432,-0.00016556494398910926,-0.00585539770130346,-0.14728161751544602
8.833333333333352,0.08800070798900646,0.020066918918940194,0.35701333642661326,-0.00030406646609845744,-0.008310091326560893,-0.14783967365859904
8.85000000000002,0.08843432700888508,0.026017141192717082,0.35877231217776634,-0.0004836345642240832,-0.010774085887537544,-0.14856313894518205
8.866666666666687,0.08896760500436864,0.03199667972901319,0.360935550518754,-0.0007044702009455929,-0.013250138203290579,-0.149452777512491
8.883333333333354,0.08960114287499629,0.03801227223765909,0.3635054864096663,-0.000966820498087239,-0.015741017828498762,-0.15050952809044493
8.900000000000022,0.09033565449184885,0.04407069701115353,0.36648501252203874,-0.0012709789974762308,-0.01824950996333951,-0.15173450441156416
8.91666666666669,0.09117196750106865,0.05017878055318751,0.3698774824568923,-0.0016172859703128793,-0.020778418370198913,-0.15312899568294713
8.933333333333357,0.09211102425541536,0.05634340526080238,0.3736867144741223,-0.00200612877528368,-0.023330568298248033,-0.15469446711285023
8.950000000000024,0.09315388287489376,0.06257151716870442,0.3779169957367198,-0.0024379422655636056,-0.025908809416795537,-0.1564325604830517
8.966666666666692,0.09430171843763237,0.06887013376431642,0.3825730870737408,-0.0029132092448666013,-0.02851601875817973,-0.15834509475670905
8.98333333333336,0.0955558243023359,0.0752463518822121,0.38766022826637936,-0.003432460972713127,-0.03115510367079155,-0.1604340667097879
9.000000000000027,0.0969176135637801,0.08170735568665176,0.3931841438619132,-0.00399627771909015,-0.03382900478262135,-0.162701651572384
9.016666666666694,0.09838862064296372,0.08826042475101697,0.39915104952069425,-0.004605289368681723,-0.03654069897549442,-0.16515020366434177
9.033333333333362,0.09997050301368086,0.09491294224302854,0.40556765890173135,-0.005260176074846725,-0.03929320236990012,-0.16778225700746777
9.05000000000003,0.10166504306742627,0.10167240322472407,0.4124411910927701,-0.0059616689635138016,-0.04208957332002458,-0.170600525894327
9.066666666666697,0.10347415011869744,0.10854642307627023,0.419779378591096,-0.006710550887151524,-0.044932915418263365,-0.173607905391067
9.083333333333364,0.10539986255291059,0.1155427460527885,0.42759047584157345,-0.007507657228953432,-0.04782638050811448,-0.17680747174892064
9.100000000000032,0.10744435011930195,0.12266925398348139,0.43588326833867763,-0.008353876757352262,-0.05077317170392982,-0.1802024826959317
9.1166666666667,0.10960991637134294,0.12993397512245936,0.44466708229946733,-0.009250152530944408,-0.05377654641552868,-0.183796377577045
9.133333333333367,0.11189900125735601,0.1373450931607838,0.4539517949145744,-0.010197482853863508,-0.0568398193751461,-0.18759277730691734
9.150000000000034,0.11431418386417867,0.14491095640936005,0.46374784518434714,-0.011196922281590088,-0.05996636566359472,-0.19159548409562002
9.166666666666702,0.11685818531688588,0.1526400871624325,0.4740662453472451,-0.012249582677121005,-0.06315962373185506,-0.1958084809027958
9.183333333333369,0.11953387183774511,0.16054119125155325,0.48491859290745837,-0.013356634317347144,-0.06642309841356832,-0.20023593057068695
9.200000000000037,0.12234425796774528,0.16862316780001088,0.4963170832684579,-0.014519307049398474,-0.06976036392307977,-0.20488217458080285
9.216666666666704,0.12529250995420893,0.1768951191878185,0.50827452297879,-0.015738891496611136,-0.07317506683275982,-0.20975173137269948
9.233333333333372,0.12838194930816668,0.185366361237465,0.5208043435958434,-0.01701674031364955,-0.07667092902230481,-0.21484929415640125
9.250000000000039,0.1316160565353455,0.19404643363072904,0.5339206161725497,-0.01835426949017585,-0.08025175059157816,-0.22017972814228653
9.266666666666707,0.13499847504479448,0.2029451105669382,0.5476380663709544,-0.01975295970229723,-0.08392141272728293,-0.22574806710373824
9.283333333333374,0.1385330152393465,0.21207241167312077,0.561972090205289,-0.021214357710836317,-0.08768388051234523,-0.23155950917842363
9.300000000000042,0.14222365879228888,0.22143861317654226,0.57693877041555,-0.0227400778052583,-0.09154320566531896,-0.23761941180361149
9.316666666666709,0.1460745631147911,0.23105425935013477,0.5925548934705365,-0.02433180329184795,-0.09550352919537915,-0.2439332856693821
9.333333333333377,0.15009006601881295,0.24093017424131039,0.6088379671968142,-0.025991288024456875,-0.09956908395653552,-0.2505067875607869
9.350000000000044,0.15427469058038945,0.2510774736945906,0.6258062390270045,-0.027720357975832687,-0.10374419708254863,-0.2573457119458613
9.366666666666712,0.15863315020836236,0.261507577678374,0.6434787148570978,-0.029520912847193458,-0.10803329228164632,-0.26445598115073793
9.383333333333379,0.16317035392379556,0.2722322229259923,0.661875178498011,-0.031394927713318324,-0.11244089196749195,-0.27184363394581496
9.400000000000047,0.1678914118554782,0.2832634759009592,0.6810162117012264,-0.03334445469998369,-0.1169716191999222,-0.2795148123477866
9.416666666666714,0.17280164095707787,0.2946137460959796,0.700923214731898,-0.035371624690079005,-0.12163019940571865,-0.28747574642122314
9.433333333333382,0.1779065709516586,0.3062957996748446,0.7216184274550966,-0.03747864905418021,-0.12642146184607236,-0.29573273684003076
9.450000000000049,0.18321195050942132,0.3183227734657629,0.7431249508916645,-0.039667821400736984,-0.1313503407934062,-0.3042921349433631
9.466666666666717,0.18872375366465394,0.3307081893139573,0.7654667691891933,-0.04194151934033358,-0.1364218763757956,-0.3131603199921012
9.483333333333384,0.19444818647799467,0.34346596880044383,0.7886687719406278,-0.044302206257705756,-0.1416412150423306,-0.3223436733006577
9.500000000000052,0.20039169395020778,0.35661044833278766,0.8127567767675323,-0.04675243308432812,-0.14701360959734155,-0.33184854888428394
9.516666666666719,0.20656096719374523,0.37015639461224653,0.8377575520667405,-0.04929484006341833,-0.15254441874541294,-0.34168124022396174
9.533333333333387,0.21296295086841233,0.38411902048002555,0.8636988397973981,-0.05193215849812632,-0.15823910608247896,-0.35184794270904335
9.550000000000054,0.2196048508874676,0.39851400114331553,0.8906093781597223,-0.0546672124724757,-0.164103238460963,-0.36235471127168606
9.566666666666721,0.2264941424004561,0.4133574907793109,0.9185189239864217,-0.05750292053328944,-0.17014248364882445,-0.3732074126764578
9.583333333333389,0.2336385780589964,0.42866613951241794,0.9474582746318149,-0.06044229731984664,-0.17636260719343208,-0.38441167187288944
9.600000000000056,0.2410461965716011,0.4444571107562815,0.977459289101274,-0.06348845512636854,-0.18276946839131358,-0.3959728117577961
9.616666666666724,0.24872533155340057,0.4607480989079694,1.0085549081135672,-0.06664460538060094,-0.1893690152539435,-0.4078957856274574
9.633333333333391,0.25668462067634273,0.4775573473765289,1.0407791727295848,-0.06991406001972984,-0.19616727834773445,-0.42018510152686867
9.650000000000059,0.2649330151250431,0.494903666922022,1.0741672411112864,-0.07330023274261621,-0.20317036337318226,-0.432844737623755
9.666666666666726,0.27347978936294104,0.5128064542738767,1.1087554028925748,-0.07680664011484252,-0.21038444233357817,-0.4458780476485499
9.683333333333394,0.2823345512127536,0.531285710988753,1.1445810905470488,-0.08043690250030452,-0.21781574312772067,-0.4592876553476745
9.700000000000061,0.29150725225438473,0.5503620624978705,1.1816828870236478,-0.08419474479002978,-0.22547053738351525,-0.47307533679592695
9.716666666666729,0.30100819854241134,0.5700567772815979,1.220100528787071,-0.08808399689553167,-0.23335512633011402,-0.48724188930439566
9.733333333333396,0.3108480616439899,0.5903917860947158,1.2598749032421035,-0.0921085939702848,-0.24147582448518728,-0.5017869855429298
9.750000000000064,0.3210378899964691,0.6113897011487508,1.3010480393354649,-0.09627257631879985,-0.24983894091090278,-0.5167090113710098
9.766666666666731,0.331589120582097,0.6330738351376752,1.3436630899108957,-0.10058008894825128,-0.25845075776708626,-0.5320048857381381
9.783333333333399,0.3425135909149224,0.6554682199695235,1.3877643041373233,-0.10503538071262998,-0.2673175058627219,-0.5476698608753853
9.800000000000066,0.35382355133223037,0.6785976250384789,1.4333969880298507,-0.10964280299391851,-0.27644533687731165,-0.5636973008545801
9.816666666666734,0.36553167757954663,0.7024875748389764,1.4806074507316065,-0.11440680785877776,-0.28584029189155463,-0.580078436442604
9.833333333333401,0.37765108367428835,0.7271643656845032,1.529442933812759,-0.11933194562264883,-0.2955082658322647,-0.5968020940279384
9.850000000000069,0.3901953350284225,0.7526550812480491,1.5799515203616734,-0.12442286174597211,-0.305454967399397,-0.6138543962483234
9.866666666666736,0.4031784618048794,0.7789876065874104,1.6321820200811745,-0.12968429297936437,-0.3156858740035357,-0.6312184318073131
9.883333333333404,0.4166149724758032,0.80619064025543,1.6861838259478943,-0.13512106266603643,-0.32620618120032424,-0.6488738918396879
9.900000000000071,0.4305198675428237,0.8342937040212282,1.7420067372306465,-0.14073807510044176,-0.33702074606431903,-0.6667966700801035
9.916666666666739,0.444908653370186,0.863327149641739,1.7997007427793235,-0.14654030883209154,-0.3481340238989874,-0.6849584240167548
9.933333333333406,0.45979735607054256,0.8933221620213944,1.8593157574717958,-0.15253280879263487,-0.3595499976326,-0.7033260941870825
9.950000000000074,0.47520253537019685,0.9243107579792577,1.9209013035243763,-0.15872067711267462,-0.3712720992023847,-0.7218613788139313
9.966666666666741,0.4911412983652746,0.9563257797046639,1.9845061270120634,-0.1651090624823849,-0.38330312218261686,-0.7405201611119091
9.983333333333409,0.5076313130623001,0.9894008818215316,2.0501777383879416,-0.1717031478968485,-0.39564512486781533,-0.7592518868448495
