Time,Theta,ThetaDot,ThetaDDot,CartPos,CartPosDot,CartPosDDot
0,0.08726646259971647,0.0,0.35403486292680314,0.0,0.0,-0.14661446537832562
0.016666666666666666,0.08736480561719615,0.005900581048780052,-3.2072474758591656,-4.072624038286822e-05,-0.0024435744229720936,-7.297412761825656
0.03333333333333333,0.08657224655804827,-0.04755354354887271,0.2832241279751152,-0.002108511581272863,-0.1240671204533997,-0.2819563260591468
0.05,0.08585836086778237,-0.042833141415954123,0.31819979384841157,-0.004254618123845954,-0.1287663925543855,-0.2047331107148511
0.06666666666666667,0.08523286400914103,-0.037529811518480595,0.3120423174546764,-0.006457594974950949,-0.13217861106629966,-0.21095224467101145
0.08333333333333333,0.08469404557201488,-0.03232910622756932,0.30576366871297056,-0.00871916967179789,-0.13569448181081653,-0.2182647343077395
0.09999999999999999,0.08424016148730899,-0.027233045082353146,0.29984567207483903,-0.011041373461508094,-0.1393322273826122,-0.22568648229081703
0.11666666666666665,0.08386956786706834,-0.02223561721443916,0.29428364411202834,-0.013426267940743523,-0.14309366875412582,-0.23321096960494894
0.13333333333333333,0.08358071970352547,-0.017330889812572022,0.28906752153578197,-0.01587594324486922,-0.14698051824754163,-0.2408434287798888
0.15,0.08337216807374255,-0.012513097786975656,0.2841876272710387,-0.018392519501433773,-0.15099457539387312,-0.2485892448174387
0.16666666666666666,0.08324255745153492,-0.007776637332458344,0.27963472518261245,-0.020978148326003167,-0.15513772947416377,-0.25645382128461663
0.18333333333333332,0.083190623141878,-0.003116058579414803,0.2754000067355648,-0.023635014323151623,-0.15941195982890738,-0.26444258402140974
0.19999999999999998,0.08321518883409208,0.00147394153284461,0.2714750773870331,-0.02636533659363936,-0.1638193362292642,-0.27256098637003984
0.21666666666666665,0.08331516427002478,0.005998526155961828,0.2678519435099558,-0.029171370249229885,-0.16836201933543155,-0.28081451430550486
0.2333333333333333,0.08348954302359912,0.01046272521446109,0.26452299984425187,-0.03205540793657194,-0.1730422612405233,-0.2892086914618182
0.24999999999999997,0.08373740038824132,0.014871441878531955,0.2614810174615813,-0.035019781371542276,-0.17786240609822027,-0.2977490840667009
0.26666666666666666,0.08405789136884506,0.019229458836224976,0.25871913223000925,-0.03806686288542003,-0.1828248908326653,-0.3064413057967107
0.2833333333333333,0.08445024877506825,0.0235414443733918,0.25623083376521244,-0.04119906698424131,-0.18793224592927713,-0.31529102256395297
0.3,0.0849137814128929,0.027811958269478673,0.25400995485523337,-0.0444188519226637,-0.193187096305343,-0.3243039572447293
0.31666666666666665,0.08544787237151066,0.032045457517065896,0.2520506613461915,-0.04772872129365406,-0.19859216225942183,-0.3334858943597702
0.3333333333333333,0.08605197740272459,0.03624630187283576,0.2503474424767626,-0.05113122563529992,-0.20415026049875135,-0.34284268471509927
0.35,0.08672562339018207,0.04041875924744846,0.24889510164968293,-0.054628964056033305,-0.209864305244003,-0.3523802500120183
0.36666666666666664,0.08746840690587557,0.04456701094160984,0.2476887476289842,-0.058224585879547805,-0.21573730941087,-0.3621045874342075
0.3833333333333333,0.08827999285146601,0.048695156735426244,0.24672378615214519,-0.06192079231068292,-0.2217723858681068,-0.3720217742194978
0.39999999999999997,0.08916011318209871,0.052807219837961994,0.2459959119468124,-0.06572033812354568,-0.2279727487717651,-0.3821379722235071
0.41666666666666663,0.09010856571049441,0.0569071517037422,0.24550110114225687,-0.06962603337313718,-0.23434171497549022,-0.3924594324819637
0.4333333333333333,0.09112521298920741,0.060998836722779816,0.24523560406622358,-0.07364074513175145,-0.24088270551685628,-0.40299249977827273
0.44999999999999996,0.09220998126904992,0.0650860967905502,0.24519593841836548,-0.07776739925141524,-0.2475992471798275,-0.4137436172225829
0.4666666666666666,0.09336285953178641,0.06917269576418963,0.24537888281195655,-0.08200898215364086,-0.2544949741335372,-0.42471933084843116
0.4833333333333333,0.094583898595304,0.07326234381105558,0.24578147067614456,-0.08636854264776882,-0.2615736296476777,-0.4359262942327889
0.49999999999999994,0.09587321028956497,0.07735870165565799,0.24640098451151446,-0.09084919377918367,-0.26883906788489087,-0.4473712731452324
0.5166666666666666,0.0972309667017458,0.0814653847308499,0.24723495049232264,-0.09545411470869442,-0.27629525577064473,-0.45906115023174693
0.5333333333333333,0.0986573994890634,0.08558596723905527,0.2482811334093038,-0.10018655262438064,-0.28394627494117386,-0.4710029297386073
0.55,0.10015279925788356,0.08972398612921034,0.24953753194752987,-0.10504982468721649,-0.29179632377015063,-0.48320374228167345
0.5666666666666668,0.10171751500780027,0.0938829449950025,0.2510023742944025,-0.11004732001179725,-0.2998497194748452,-0.49567084966633024
0.5833333333333335,0.10335195363946542,0.09806631789990922,0.25267411407343715,-0.11518250168350753,-0.30811090030261734,-0.5084116497632943
0.6000000000000002,0.10505657952503987,0.1022775531344665,0.2545514266001317,-0.12045890881348541,-0.31658442779867224,-0.5214336814454231
0.6166666666666669,0.10683191414022546,0.10652007691113537,0.2566332054568172,-0.12588015863275367,-0.325274989156096,-0.5347446295906794
0.6333333333333336,0.10867853575692683,0.11079729700208232,0.2589185593840549,-0.13144994862690823,-0.33418739964927396,-0.5483523301563633
0.6500000000000004,0.11059707919567933,0.1151126063251499,0.261406809486779,-0.1371720587127729,-0.34332660515188,-0.5622647753297713
0.6666666666666671,0.11258823563706705,0.11946938648326288,0.2640974867541007,-0.1430503534584514,-0.35269768474070956,-0.576490118760399
0.6833333333333338,0.11465275249144201,0.1238710112624979,0.2669903298923483,-0.14908878434823,-0.3623058533867162,-0.5910366808789317
0.7000000000000005,0.11679143332634262,0.12832085009403704,0.27008528347168853,-0.15529139209380832,-0.37215646473469843,-0.6059129543082203
0.7166666666666672,0.11900513785109648,0.13282227148523185,0.27338249638740064,-0.16166230899336115,-0.38225501397316874,-0.6211276093715605
0.733333333333334,0.12129478195818018,0.13737864642502184,0.27688232063766455,-0.16820576133996162,-0.3926071407960281,-0.6366894997036499
0.7500000000000007,0.12366133782099656,0.14199335176898292,0.2805853104205481,-0.1749260718809242,-0.4032186324577556,-0.6526076679696643
0.7666666666666674,0.12610583404781864,0.1466697736093254,0.2844922215537155,-0.18182766232965616,-0.41409542692391665,-0.6688913516980116
0.7833333333333341,0.128629355891739,0.15141131063522065,0.28860401122128115,-0.18891505593163754,-0.4252436161188835,-0.6855499892324024
0.8000000000000008,0.13123304551655413,0.15622137748890866,0.29292183805314986,-0.1961928800861835,-0.43666944927275686,-0.7025932258090141
0.8166666666666675,0.13391810231860626,0.16110340812312782,0.29744706254318426,-0.20366586902567638,-0.4483793363695738,-0.7200309197646049
0.8333333333333343,0.13668578330469816,0.16606085916551422,0.302181247813526,-0.21133886655399278,-0.4603798516989839,-0.7378731488816478
0.850000000000001,0.13953740352629382,0.17109721329573965,0.30712616073354126,-0.21921682884588742,-0.47267773751367803,-0.7561302168765639
0.8666666666666677,0.14247433657031547,0.17621598264129867,0.3122837734029258,-0.22730482730913665,-0.4852799077949541,-0.7748126600374415
0.8833333333333344,0.14549801510694904,0.18142071219801412,0.3176562650097855,-0.23560805151128517,-0.4981934521289115,-0.7939312540176234
0.9000000000000011,0.14860993149497423,0.18671498328151054,0.3232460240757226,-0.24413181217288302,-0.5114256396958718,-0.8134970207918283
0.9166666666666679,0.15181163844524265,0.19210241701610592,0.3290556511013427,-0.25288154422914527,-0.5249839233757356,-0.833521235781573
0.9333333333333346,0.15510474974303923,0.19758667786779496,0.3350879616270248,-0.2618628099620135,-0.5388759439720952,-0.8540154351568332
0.9500000000000013,0.15849094103017666,0.20317147722824538,0.34134598972529884,-0.27108130220464755,-0.5531095345580423,-0.8749914233211042
0.966666666666668,0.16197195064779332,0.20886057705700037,0.34783299194283496,-0.28054284762042636,-0.5676927249467274,-0.8964612805870993
0.9833333333333347,0.16554958054094968,0.21465779358938095,0.35455245171171695,-0.29025341005859046,-0.5826337462898458,-0.9184373710506168
1.0000000000000013,0.16922569722624817,0.22056700111790956,0.36150808425153924,-0.30021909398871305,-0.597941035807356,-0.940932350670199
1.016666666666668,0.17300223282383875,0.22659213585543522,0.368703841985842,-0.31044614801624404,-0.6136232416518593,-0.9639591755603418
1.0333333333333345,0.17688118615531429,0.2327371998885326,0.37614392049841583,-0.32094096848143067,-0.6296892279111984,-0.9875311105063065
1.0500000000000012,0.1808646239091505,0.23900626523017285,0.38383276505732045,-0.3317101031439802,-0.6461480797529702,-1.0116617377085582
1.0666666666666678,0.18495468187550265,0.2454034779811282,0.39177507773677,-0.3427602549558932,-0.6630091087147795,-1.0363649657651373
1.0833333333333344,0.18915356625233723,0.25193306261007437,0.39997582516963803,-0.3540982859249632,-0.6802818581441984,-1.0616550389002597
1.100000000000001,0.19346355502505225,0.25859932636290167,0.4084402469660048,-0.36573122107150546,-0.697976108792536,-1.0875465464476395
1.1166666666666676,0.1978869994219245,0.2654066638123351,0.4171738648361288,-0.37766625248094987,-0.7161018845666633,-1.1140544325969828
1.1333333333333342,0.2024263254479179,0.2723595615596039,0.4261824924593048,-0.38991074345500454,-0.7346694584432797,-1.141194006412184
1.1500000000000008,0.20708403549959442,0.2794626031005923,0.43547224614343605,-0.4024722327641737,-0.7536893585501494,-1.1689809521296761
1.1666666666666674,0.21186271006408858,0.28672047386964955,0.4450495563236797,-0.41535843900449,-0.7731723744189773,-1.1974313397453782
1.183333333333334,0.2167650095053393,0.2941379664750442,0.45492117995241654,-0.4285772650614022,-0.7931295634147336,-1.2265616358983933
1.2000000000000006,0.22179367594102128,0.30171998614091783,0.4650942138368229,-0.44213680268384176,-0.8135722573463735,-1.2563887150595283
1.2166666666666672,0.22695153521388015,0.30947155637153156,0.47557610898476976,-0.45604533717157564,-0.8345120692640323,-1.2869298710322565
1.2333333333333338,0.232241498961457,0.31739782485461104,0.4863746860244598,-0.4703113521790407,-0.8559609004479033,-1.3182028287733412
1.2500000000000004,0.23766656678848508,0.3255040696216854,0.4974981517682374,-0.4849435346389428,-0.8779309475941256,-1.350225756539798
1.266666666666667,0.2432298285465599,0.33379570548448934,0.5089551169964388,-0.4999507798089948,-0.9004347102031223,-1.383017278368053
1.2833333333333337,0.24893446672602262,0.34227829076776334,0.520754615542904,-0.5153421964452602,-0.9234849981759231,-1.4165964868903154
1.3000000000000003,0.2547837589653584,0.3509575343601451,0.532906124769954,-0.5311271121056619,-0.9470949396240951,-1.450982956492047
1.3166666666666669,0.2607810806837969,0.359839303106311,0.5454195875272976,-0.5473150785873112,-0.9712779888989626,-1.4861967568129626
1.3333333333333335,0.26692990784321524,0.3689296295650993,0.5583054356963442,-0.5639158775014086,-0.9960479348458453,-1.5222584665924777
1.35,0.2732338198458826,0.37823472016003834,0.5715746154290481,-0.5809395259895594,-1.0214189092890533,-1.5591891878583564
1.3666666666666667,0.27969650257505796,0.3877609637505225,0.5852386141984076,-0.5983962825854487,-1.0474053957533593,-1.5970105604551077
1.3833333333333333,0.28632175158595513,0.3975149406538293,0.5993094897864372,-0.616296653225909,-1.0740222384276112,-1.6357447769057372
1.4,0.2931134754551263,0.4075034321502699,0.6137999013445625,-0.6346513974155097,-1.1012846513760401,-1.6754145975972146
1.4166666666666665,0.30007569929689315,0.41773343050601264,0.6287231426712337,-0.6534715345488874,-1.1292082280026603,-1.7160433662760395
1.4333333333333331,0.3072125684560687,0.4282121495505332,0.6440931778618817,-0.6727683503951195,-1.1578089507739275,-1.7576550258357864
1.4499999999999997,0.31452835238687255,0.43894703584823125,0.6599246794974708,-0.6925534037485283,-1.187103201204524,-1.8002741343730095
1.4666666666666663,0.3220274487286479,0.44994578050652245,0.6762330695495058,-0.7128385332503739,-1.2171077701107407,-1.8439258814817827
1.483333333333333,0.3297143875897426,0.4612163316656809,0.6930345631917801,-0.7336358643859645,-1.247839868135437,-1.8886361047497122
1.4999999999999996,0.3375938360517239,0.4727669077188772,0.7103462157221465,-0.7549578166617634,-1.279317136547932,-1.9344313064098788
1.5166666666666662,0.34567060290696133,0.4846060113142463,0.7281859728112757,-0.7768171109671206,-1.3115576583214301,-1.9813386700933215
1.5333333333333328,0.35394964364353526,0.49674244419443425,0.7465727243097052,-0.7992267771252815,-1.344579969489652,-2.0293860776152974
1.5499999999999994,0.36243606569241743,0.5091853229329293,0.7655263618593963,-0.8222001616383354,-1.3784030707832404,-2.078602125715444
1.566666666666666,0.3711351339529272,0.5219440956305859,0.785067840571497,-0.8457509356307549,-1.4130464395451645,-2.129016142656778
1.5833333333333326,0.3800522766135957,0.5350285596401108,0.8052192450479231,-0.8698931029961345,-1.4485300419227776,-2.180658204571034
1.5999999999999992,0.38919309128677754,0.5484488803909094,0.826003860040656,-0.8946410087516727,-1.4848743453322948,-2.233559151417714
1.6166666666666658,0.3985633514766373,0.562215611391587,0.8474462460591018,-0.920009347604827,-1.5221003311892567,-2.2877506024011094
1.6333333333333324,0.4081690134015135,0.5763397154925721,0.869572320252282,-0.946013172736426,-1.5602295078959418,-2.343264970663056
1.649999999999999,0.4180162231931265,0.5908325874967768,0.8924094429087547,-0.9726679048043204,-1.5992839240736594,-2.4001354770387078
1.6666666666666656,0.4281113244966585,0.6057060782119227,0.9159865099327064,-0.9999893411713922,-1.6392861820243045,-2.4583961626277033
1.6833333333333322,0.4384608664973941,0.6209725200441345,0.9403340516689702,-1.0279936653614161,-1.6802594514014328,-2.5180818998933616
1.6999999999999988,0.44907161240137106,0.6366447542386173,0.9654843384625919,-1.056697456745855,-1.7222274830663222,-2.5792284019567364
1.7166666666666655,0.4599505483993654,0.6527361598796605,0.9914714933489867,-1.0861177004641704,-1.7652146230989345,-2.6418722297003616
1.733333333333332,0.47110489314551224,0.6692606847688103,1.018331612277962,-1.116271797579625,-1.809245826927274,-2.706050796237237
1.7499999999999987,0.4825421077839585,0.6862328783067764,1.0461028922779125,-1.147177575471812,-1.854346673531228,-2.7718023682328603
1.7666666666666653,0.49426990655914865,0.7036679265114083,1.0748257679640005,-1.178853298466286,-1.9005433796684423,-2.8391660634912
1.7833333333333319,0.5062962680476621,0.7215816893108083,1.1045430567842998,-1.2113176787006188,-1.9478628140599623,-2.9081818441283835
1.7999999999999985,0.518629447051949,0.7399907402572133,1.304464258222211,-1.2445898872249872,-1.996332511462102,-2.589335482017521
1.816666666666665,0.5313249772390755,0.7617318112275835,1.3355513380186361,-1.2785813556054715,-2.039488102829061,-2.6612063069548677
1.8333333333333317,0.5443914939089848,0.7839910001945608,1.3661083732023898,-1.31331204796011,-2.0838415412783085,-2.7391436757821404
1.8499999999999983,0.5578374851270059,0.8067594730812673,1.3980082986231785,-1.3488036135580213,-2.1294939358746774,-2.8189948802589977
1.866666666666665,0.5716718119835335,0.8300596113916536,1.4313245548738365,-1.3850782332893379,-2.176477183878994,-2.900758538146355
1.8833333333333315,0.5859037289941926,0.8539150206395509,1.4661149577940273,-1.4221586192812508,-2.2248231595147665,-2.9844787623218565
1.8999999999999981,0.6005429001597946,0.8783502699361181,1.5024411235730033,-1.4600680271515862,-2.274564472220131,-3.0702005226701536
1.9166666666666647,0.6155994160819447,0.9033909553290015,1.5403688946513652,-1.4988302685004413,-2.3257344809313,-3.1579690628878563
1.9333333333333313,0.631083812252609,0.9290637702398575,1.5799685699437718,-1.5384697234778764,-2.3783672986460975,-3.2478297732320485
1.949999999999998,0.6470070885815911,0.9553965797389204,1.6213151393863963,-1.5790113533923202,-2.4324977948666318,-3.3398280460191856
1.9666666666666646,0.6633807302270693,0.9824184987286937,1.6644885231230315,-1.6204807133195471,-2.4881615956336183,-3.434009105773176
1.9833333333333312,0.6802167297956373,1.0101599741140777,1.7095738129359705,-1.6629039646650445,-2.545395080729838,-3.530417810575925
1.9999999999999978,0.6975276109789097,1.0386528709963438,1.7566615127875174,-1.7063078876245907,-2.60423537757277,-3.6290984208719452
2.0166666666666644,0.715326453693512,1.0679305628761357,1.805847774466549,-1.7507198934788235,-2.664720351253969,-3.730094331612696
2.033333333333331,0.7336269207899105,1.0980280257839117,1.8572346232820451,-1.796168036647393,-2.7268885901141804,-3.833447763257507
2.0499999999999976,0.7524432863927764,1.1289819361719458,1.910930167479927,-1.8426810264168676,-2.790779386168472,-3.939199406790054
2.066666666666664,0.7717904659310532,1.1608307722966111,1.9670487835451325,-1.8902882382437838,-2.856432709614973,-4.047388017580553
2.083333333333331,0.7916840479092037,1.19361491868903,2.025711267747545,-1.939019724520028,-2.9238891765746486,-4.158049952649304
2.0999999999999974,0.8121403274617285,1.227376773151489,2.087044942154322,-1.9889062246720082,-2.9931900091188037,-4.2712186457011905
2.116666666666664,0.8331763417204073,1.2621608555207278,2.151183700815853,-2.039979174447794,-3.064376986547157,-4.386924014246779
2.1333333333333306,0.8548099070070905,1.298013917200992,2.2182679788888464,-2.0922707142275376,-3.1374923867846034,-4.505191793263501
2.1499999999999972,0.8770596578434651,1.3349850501824727,2.288444624040543,-2.1458136961720764,-3.2125789166723284,-4.62604279025282
2.166666666666664,0.899945087742073,1.3731257939164818,2.3618666455378086,-2.2006416900027967,-3.2896796298432087,-4.7494920573131525
2.1833333333333305,0.923486591708886,1.4124902380087787,2.4386928119291853,-2.2567889871827704,-3.368837830798428,-4.875547977090352
2.199999999999997,0.9477055103456793,1.4531351182075984,2.519087063156562,-2.3142906032452695,-3.450096963749934,-5.004211261337252
2.2166666666666637,0.972624175388905,1.495119902593541,2.603217697293175,-2.3731822779914733,-3.5335004847722216,-5.1354738634866735
2.2333333333333303,0.9982659564591566,1.538506864215094,2.691256285939765,-2.4335004732553123,-3.619091715830333,-5.269317810336739
2.249999999999997,1.024655308719947,1.5833611356474235,2.7833762657230037,-2.4952823679109115,-3.706913679335945,-5.405713962910643
2.2666666666666635,1.0518178210545495,1.6297507400761402,2.879751146507154,-2.55856584977843,-3.7970089120511226,-5.544620723077282
2.28333333333333,1.0797802642631815,1.677746592517926,3.083828028830752,-2.6233895040690256,-3.889419257435744,-5.247930082436405
2.2999999999999967,1.108599326368711,1.729143726331772,3.1841213490334495,-2.6896709167158535,-3.976884758809684,-5.390015036740252
2.3166666666666633,1.1383028666267498,1.7822124154823293,3.2883982869579893,-2.757449555761776,-4.066718342755355,-5.537232827115759
2.33333333333333,1.168919850853388,1.8370190535982958,3.3974695024042494,-2.826766315037453,-4.159005556540618,-5.686576441346102
2.3499999999999965,1.2004805766084718,1.8936435453050333,3.511447086367264,-2.8976626788801707,-4.253781830563053,-5.8379032952798715
2.366666666666663,1.233016704331991,1.9521676634111544,3.6304152734453745,-2.9701806825271326,-4.351080218817717,-5.991070936235864
2.3833333333333298,1.2665612807425786,2.012674584635244,3.7544280017639187,-3.044362872545271,-4.450931401088315,-6.145918769499187
2.3999999999999964,1.3011487538203226,2.0752483846646426,3.883501500468466,-3.120252262221604,-4.5533633805799685,-6.302268591847933
2.416666666666663,1.3368149773148634,2.1399734096724505,4.017605935762552,-3.1978922820623388,-4.658401190444101,-6.4599260473257445
2.4333333333333296,1.3735972024582273,2.2069335086018262,4.156656172018966,-3.277326725805109,-4.7660666245661965,-6.618683107517097
2.449999999999996,1.4115340543160406,2.276211111468809,4.300501737288592,-3.3585996926333004,-4.876378009691481,-6.778321809513247
2.466666666666663,1.4506654899897675,2.347886140423619,4.448916153000127,-3.441755526630801,-4.989350039850035,-6.938619499598481
2.4833333333333294,1.4910327357059945,2.422034742973621,4.601585872983849,-3.5268387549337454,-5.104993698176677,-7.099355832404728
2.499999999999996,1.5326781997202725,2.498727840856685,4.758099175029906,-3.613894026523469,-5.223316295383422,-7.260321758823825
2.5166666666666626,1.5756453579498366,2.57802949377385,4.91793545437367,-3.70296605415731,-5.344321658030486,-7.421330695089747
2.533333333333329,1.6199786093611712,2.659995084680078,5.0804554748063815,-3.7940995625397878,-5.4680105029486485,-7.582231993968853
2.549999999999996,1.6657230984043965,2.7446693425935176,5.223905494917412,-3.8873392464761456,-5.5943810361814625,-7.300074078893962
2.5666666666666624,1.712918672307321,2.8317344341754747,5.379026099201443,-3.9826067287677516,-5.716048937496362,-7.461359564450058
2.583333333333329,1.7616084201266906,2.9213848691621656,5.533871480164892,-4.079946810938371,-5.840404930237196,-7.622249176327194
2.5999999999999956,1.811835354468328,3.013616060498247,5.687317636009924,-4.1794041845468595,-5.967442416509316,-7.783231012413173
2.6166666666666623,1.8636420992644127,3.1084046877650793,5.838106907673595,-4.281023566769908,-6.097162933382869,-7.944618530918774
2.633333333333329,1.91707054042374,3.2057064695596393,5.962050075016796,-4.384849787473766,-6.229573242231515,-7.9723835292449285
2.6499999999999955,1.9721551066039054,3.3050739708099193,6.044572320596227,-4.490890559157971,-6.362446301052264,-7.853033651581687
2.666666666666662,2.028918720650903,3.4058168428198563,6.104606046026336,-4.599112729078726,-6.493330195245292,-7.732343848416043
2.6833333333333287,2.0873780585995747,3.5075602769202954,6.140490306830427,-4.709482772290707,-6.622202592718893,-7.612219361241335
2.6999999999999953,2.147543088300144,3.609901782034136,6.150819674516366,-4.821967320880812,-6.7490729154062485,-7.4947333852496945
2.716666666666662,2.2094166790214116,3.7124154432760754,6.134486654008941,-4.936533739855707,-6.873985138493744,-7.382074471722916
2.7333333333333285,2.2729942938132375,3.8146568875095577,6.090709819505746,-5.053150735072748,-6.997019713022459,-7.276483928266084
2.749999999999995,2.338263772443815,3.9161687178346534,6.019044745705441,-5.171788975825418,-7.118294445160227,-7.180186384603795
2.7666666666666617,2.4052052079481996,4.016486130263077,5.919376245358697,-5.292421712796034,-7.237964218236956,-7.095317350484201
2.7833333333333283,2.4737909146318504,4.115142401019056,5.7918921241455905,-5.415025371252895,-7.356219507411693,-7.023851811797571
2.799999999999995,2.543985480238875,4.211673936421482,5.637040408886595,-5.539580099657478,-7.473283704274986,-6.967537643419533
2.8166666666666615,2.615745890403924,4.305624609902925,5.455473567082531,-5.666070255185233,-7.589409331665312,-6.9278369005192895
2.833333333333328,2.6890217098931624,4.396549169354301,5.247984427543258,-5.794484809852022,-7.7048732800073,-6.9058770020714615
2.8499999999999948,2.763755302834496,4.484015576480021,5.015439223566627,-5.924817663686052,-7.8199712300418245,-6.90241261494054
2.8666666666666614,2.8398820733379315,4.567606230206132,4.758713394916058,-6.057067854357566,-7.935011440290833,-6.9177978793199815
2.883333333333328,2.9173307086732883,4.646918120121399,4.478635570263864,-6.191239655551113,-8.050308071612832,-6.951967667884664
2.8999999999999946,2.9960234094448293,4.721562046292464,4.175944630956049,-6.327342558874628,-8.16617419941091,-7.0044259829447135
2.916666666666661,3.0758760948360804,4.791161123475065,3.8512640684427843,-6.465391136082294,-8.28291463245999,-7.074239456174993
2.933333333333328,-3.1263867313776874,4.855348857949111,3.505097103930799,-6.605404779805565,-8.40081862339624,-7.160034258809179
2.9499999999999944,-3.0444906123274436,4.913767143014624,-3.9809226779310354,-6.747407321934061,-8.520152527709726,7.044926591803715
2.966666666666661,-2.9637003051321806,4.847418431715774,0.5733642934927394,-6.887452940009277,-8.402737084512998,-2.9270860635702602
2.9833333333333276,-2.882750730077614,4.856974503273986,0.19083663129421854,-7.028311637546596,-8.451521852239168,-2.989688630664212
2.9999999999999942,-2.801748144847688,4.860155113795557,-0.14318183028853204,-7.170000804147989,-8.50134999608357,-3.161171664699102
3.016666666666661,-2.720785332348398,4.8577687499574145,-0.48603081229213047,-7.312568073989576,-8.554036190495223,-3.3209337301997754
3.0333333333333274,-2.6399575284080776,4.8496682364192125,-0.8360393770897098,-7.456057825422885,-8.609385085998552,-3.467559988391268
3.049999999999994,-2.55936195762806,4.835734246801051,-1.1917678343104776,-7.6005107879640805,-8.667177752471739,-3.598221048953458
3.0666666666666607,-2.4790974334686844,4.815871449562543,-1.5512618124099258,-7.745963256352208,-8.72714810328763,-3.7101703690219416
3.0833333333333273,-2.3992638153683115,4.790017086022377,-1.9120178574120357,-7.892446327620618,-8.788984276104664,-3.8008358264230897
3.099999999999994,-2.3199613133394417,4.758150121732177,-2.270974584853862,-8.03998518661859,-8.852331539878382,-3.867945100495898
3.1166666666666605,-2.2412896375841425,4.720300545317945,-2.4971539199911703,-8.188598474811146,-8.916797291553314,-4.319697260773081
3.133333333333327,-2.1633116156955077,4.6786813133180924,-2.8530248600927406,-8.338411678909472,-8.988792245899532,-4.339568358803345
3.1499999999999937,-2.086126100712454,4.631130898983214,-3.1953508817330407,-8.48943031866302,-9.061118385212922,-4.3353897679007805
3.1666666666666603,-2.0098281831965488,4.57787505095433,-3.520658012386442,-8.641653233352097,-9.1333748813446,-4.303564187291342
3.183333333333327,-1.9345082262396396,4.519197417414556,-3.824392445263779,-8.795071582537643,-9.20510095113279,-4.244959405527995
3.1999999999999935,-1.8602506005175259,4.455457543326827,-4.102286899128088,-8.949669087113614,-9.275850274558257,-4.1612557777360735
3.21666666666666,-1.787132498934059,4.3870860950080255,-4.35058387295099,-9.10542249607229,-9.345204537520525,-4.054917151144547
3.2333333333333267,-1.715222892870856,4.314576363792176,-4.566238167068186,-9.262302270906282,-9.4127864900396,-3.9290740775673507
3.2499999999999933,-1.6445816862985052,4.23847239434104,-4.747068452668025,-9.420273455206267,-9.478271057999056,-3.787360105318659
3.26666666666666,-1.5752591098518958,4.159354586796573,-4.891842984214514,-9.579296683979951,-9.541393726421033,-3.6337179816017278
3.2833333333333266,-1.5072953786786791,4.077823870392997,-5.000293809698654,-9.739329278859636,-9.601955692781061,-3.472196145851951
3.299999999999993,-1.4407206180081567,3.994485640231353,-5.073063509436548,-9.900326372668722,-9.65982562854526,-3.306755646750465
3.3166666666666598,-1.3755550416458109,3.909934581740744,-5.155709243317437,-10.06224200971302,-9.714938222657768,-3.5958666391342624
3.3333333333333264,-1.3118216067399422,3.8240060943521197,-5.175954273180088,-10.22515649860152,-9.774869333310006,-3.4312548061423653
3.349999999999993,-1.249525936909957,3.7377401897991183,-5.165733474500914,-10.389024113825059,-9.832056913412378,-3.270977105031614
3.3666666666666596,-1.1886651930451109,3.6516446318907696,-5.1279796832343845,-10.553800333799996,-9.886573198496238,-3.1183085580193968
3.383333333333326,-1.1292288879811632,3.566178303836863,-5.065741677925309,-10.719442750596606,-9.938545007796561,-2.975195232558026
3.399999999999993,-1.0711997333833059,3.4817492758714415,-4.9821222439476704,-10.88591161051337,-9.988131595005862,-2.8430845772169233
3.4166666666666594,-1.0145545016309896,3.39871390513898,-4.880164233552021,-11.053170216146027,-10.035516337959479,-2.722969666811429
3.433333333333326,-0.95926487105466,3.3173778345797795,-4.7627640223579455,-11.221185202241688,-10.08089916573967,-2.6154450139942558
3.4499999999999926,-0.9052982304845408,3.2379984342071473,-4.632611359576876,-11.389926700841237,-10.124489915972907,-2.5207688020413803
3.4666666666666592,-0.8526184264031931,3.160788244880866,-4.4921524558465515,-11.559368412996907,-10.166502729340264,-2.43892584354579
3.483333333333326,-0.8011864424484694,3.0859190372834235,-4.343572213423257,-11.729487604553563,-10.20715149339936,-2.369687224837005
3.4999999999999925,-0.7509610063308076,3.0135261670597027,-4.188791287379806,-11.900265042561562,-10.246646280479977,-2.3126641012826563
3.516666666666659,-0.7018991233485292,2.943712978936706,-4.029473932361387,-12.071684887264363,-10.285190682168022,-2.267354336986545
3.5333333333333257,-0.6539565386807956,2.876555080064016,-3.8670431267372116,-12.243734552616326,-10.322979921117797,-2.2331815997657203
3.5499999999999923,-0.6070881326593779,2.8121043612850625,-3.70270011390122,-12.416404546190446,-10.360199614447225,-2.2095271490713477
3.566666666666659,-0.5612482544473771,2.750392692720042,-3.537446150505176,-12.589688297305974,-10.397025066931748,-2.1957549388190176
3.5833333333333255,-0.5163910001660723,2.691435256878289,-3.3721048397616844,-12.763581980348953,-10.433620982578732,-2.1912308557219187
3.599999999999992,-0.4724704416735902,2.635233509548928,-3.2073439243977497,-12.938084338629633,-10.470141496840764,-2.195336980664766
3.6166666666666587,-0.4294408120489963,2.581777777475632,-3.043695810654973,-13.113196512738275,-10.50673044651851,-2.2074817414053935
3.6333333333333253,-0.3872566534829177,2.531049513964716,-2.8815763976211852,-13.28892187621953,-10.543521808875267,-2.2271067546550496
3.649999999999992,-0.3458729328050672,2.4830232406710295,-2.7213020076012455,-13.465265880465966,-10.580640254786184,-2.2536910597834403
3.6666666666666585,-0.3052451293515504,2.4376682072110087,-2.56310436800914,-13.642235910006786,-10.618201772449241,-2.286753342181472
3.683333333333325,-0.2653292993335917,2.394949801077523,-2.4071436979396115,-13.819841148809324,-10.656314328152266,-2.3258526424509047
3.6999999999999917,-0.22608212034283842,2.354830739445196,-2.2535200160808575,-13.998092457790321,-10.695078538859782,-2.3705879541770316
3.7166666666666583,-0.18746091913432983,2.317272072510515,-2.102282821724673,-14.177002263425255,-10.734588338096065,-2.4205970309838585
3.733333333333325,-0.14942368537630032,2.2822340254817703,-1.9534393158711572,-14.35658445712435,-10.774931621945797,-2.4755546537137962
3.7499999999999916,-0.11192907365045725,2.2496767035505845,-1.806961331359688,-14.536854304893923,-10.81619086617436,-2.535170550515948
3.766666666666658,-0.07493639562776964,2.2195606813612563,-1.6627911344413169,-14.717828366705305,-10.858443708682959,-2.59918711529881
3.7833333333333248,-0.03840560403131574,2.1918474957872345,-1.520846248732257,-14.899524424937605,-10.901763493937938,-2.6673770320346146
3.7999999999999914,-0.002297269726176346,2.1665000583083636,-1.3810234384926943,-15.081961421234357,-10.946219777805181,-2.7395408823602976
3.816666666666658,0.033427446957159525,2.143483001000152,-1.2432019733059703,-15.265159401109544,-10.991878792511185,-2.815504790436865
3.8333333333333246,0.06880682975902153,2.1227629681117195,-1.107246281558695,-15.449139465648742,-11.0388038723518,-2.89511814087635
3.849999999999991,0.10387864414933944,2.1043088634190745,-0.973008086298666,-15.633923729671515,-11.087055841366405,-2.9782513916584894
3.866666666666658,0.13868017851568548,2.0880920619807632,-0.8403281044456165,-15.819535285747527,-11.136693364560713,-3.064793993440918
3.8833333333333244,0.17324828840857442,2.074086593573336,-0.7090373791291926,-16.005998173488383,-11.187773264451396,-3.15465241877652
3.899999999999991,0.20761944347392747,2.062269303921183,-0.5789583051851085,-16.193337353567788,-11.240350804764338,-3.2477482988887405
3.9166666666666576,0.2418297767878402,2.0526199988347646,-0.4499053995350975,-16.38157868595244,-11.29447994307915,-3.344016661339747
3.9333333333333242,0.27591513637965986,2.04512157550918,-0.32168586124868936,-16.570748911854132,-11.35021355410148,-3.443404258778157
3.949999999999991,0.30991113878779936,2.039760144488368,-0.19409996045638436,-16.760875638938817,-11.407603625081116,-3.5458679766778376
3.9666666666666575,0.3438532245402565,2.0365251451474284,-0.06694129087335439,-16.951987329350356,-11.466701424692413,-3.651373306352696
3.983333333333324,0.37777671548969327,2.035409456966206,0.06000308257390647,-17.14411329012477,-11.527557646464958,-3.7598928683871873
3.9999999999999907,0.41171687396206724,2.0364095083424374,0.18695255170902103,-17.33728366558485,-11.590222527604745,-3.87140497084087
4.016666666666658,0.4457089636988048,2.0395253842042544,0.31413294049056883,-17.531529431314606,-11.654745943785425,-3.985892186091235
4.033333333333324,0.47978831258567867,2.0447609332124306,0.4417764997862884,-17.726882389318277,-11.721177480220279,-4.103339929933708
4.049999999999991,0.5139903771669376,2.0521238748755355,0.5701218926271624,-17.92337516396915,-11.789566479052507,-4.2237350265574065
4.0666666666666575,0.548350808940593,2.0616259064193216,0.6994141391417265,-18.121041198349626,-11.859962062828464,-4.347064243290526
4.083333333333324,0.5829055224195655,2.0732828087383504,0.829904487443483,-18.31991475057546,-11.932413133549973,-4.473312779627686
4.099999999999991,0.6176907649228278,2.0871145501957415,0.9618501727495748,-18.520030889684524,-12.006968346543768,-4.602462696118866
4.116666666666657,0.6527431880296317,2.1031453864082343,1.0955140219156962,-18.72142549065362,-12.08367605814575,-4.73449127036616
4.133333333333324,0.6880999205869678,2.1214039534401627,1.231163854359456,-18.924135228086705,-12.162584245985187,-4.869369269840982
4.149999999999991,0.7237986431038481,2.1419233510128204,1.3690716230172413,-19.12819756809475,-12.243740400482537,-5.007059134755823
4.166666666666657,0.7598776632937888,2.164741211396441,1.5095122305872797,-19.333650757862443,-12.3271913860618,-5.147513069123118
4.183333333333324,0.7963759924366705,2.1898997485728957,1.6527619469793995,-19.540533812371564,-12.412983270547185,-5.290671044795628
4.19999999999999,0.8333334221203796,2.2174457810225525,1.7990963438534289,-19.74888649772646,-12.501161121293778,-5.4364587321691555
4.216666666666657,0.8707906007884926,2.2474307200867765,1.9487876517745684,-19.95874931050696,-12.591768766829931,-5.584785382866408
4.233333333333324,0.9087891093598762,2.2799105142830194,2.1021014354504532,-20.170163452560477,-12.684848523211038,-5.7355417046926895
4.24999999999999,0.9473715349966628,2.3149455382071937,2.2592924736286206,-20.383170800643075,-12.780440884955915,-5.888597788068527
4.266666666666657,0.986581541876124,2.352600412767671,2.42059972377099,-20.59781387033347,-12.878584181423724,-6.043801166589184
4.2833333333333234,1.0264639375677438,2.3929437414971875,2.5862402492705643,-20.814135773681254,-12.979314200866877,-6.200975122817547
4.29999999999999,1.0670647333286054,2.4360477456516967,2.7564019909315336,-21.032180170118707,-13.08266378624717,-6.359917384149685
4.316666666666657,1.1084311963091702,2.481987778833889,2.931235277454237,-21.251991210273978,-13.188662409316333,-6.52039939247024
4.333333333333323,1.1506118913112502,2.530841700124793,3.1108429950589747,-21.473613472482715,-13.29733573252417,-6.682166374595953
4.34999999999999,1.1936567093675132,2.582689083375776,3.29526937791159,-21.697091892017728,-13.408705172100769,-6.84493848654718
4.3666666666666565,1.2376168800287517,2.637610239674302,3.4844874426579286,-21.92247168335456,-13.522787480209889,-7.008413350621977
4.383333333333323,1.2825449638685062,2.6956850303852677,3.6783851758868327,-22.149798256177675,-13.639594369386922,-7.1722703456314765
4.39999999999999,1.3284948213682293,2.7569914499833814,3.8767506955446462,-22.37911712631902,-13.75913220848078,-7.336177041164686
4.416666666666656,1.3755215540611592,2.821603961575792,4.07925674709661,-22.610473823416246,-13.881401825833525,-7.499798178007176
4.433333333333323,1.4236814136282825,2.8895915740274023,4.285445060179215,-22.84391379778514,-14.006398462133644,-7.662807578509113
4.4499999999999895,1.4730316746010113,2.9610156583637224,4.494711274381996,-23.079482329814734,-14.134111921775462,-7.824903311044436
4.466666666666656,1.5236304664832905,3.035927512936756,4.706291329961584,-23.31722444609739,-14.264526976959536,-7.985826319762428
4.483333333333323,1.5755365615127812,3.114365701769449,4.919250389320258,-23.557184847468875,-14.397624082288909,-8.145382554382897
4.499999999999989,1.6288091149837498,3.19635320825812,5.132475478421582,-23.799407855105464,-14.53338045819529,-8.303468389151195
4.516666666666656,1.6835073560876133,3.281894466231813,5.344673077395146,-24.04393738173904,-14.671771598014477,-8.460098807546514
4.533333333333323,1.7396902286018643,3.3709723508550655,5.532227658684854,-24.290816935819155,-14.812773244806918,-8.35194919140413
4.549999999999989,1.7974098310213056,3.4631761451664795,5.699420477199108,-24.540016475785773,-14.951972397996986,-8.231297766932688
4.566666666666656,1.8567126057955243,3.5581664864531315,5.843853764007589,-24.791502487354315,-15.08916069411253,-8.103740895611038
4.583333333333322,1.9176386732819675,3.6555640491865913,5.963024358398109,-25.045239538060528,-15.224223042372715,-7.971146856658151
4.599999999999989,1.9802211364235212,3.7549477884932263,6.0546398535445585,-25.301190796226923,-15.357075489983684,-7.835702787051371
4.616666666666656,2.044485443968837,3.855858452718969,6.116702759784711,-25.55931863850083,-15.48767053643454,-7.699873710849723
4.633333333333322,2.1104488356140934,3.9578034987153807,6.147584350003599,-25.81958533458331,-15.616001764948702,-7.566341788732908
4.649999999999989,2.178119889578795,4.060263237882108,6.146081189822541,-26.08195379227377,-15.742107461427585,-7.43792796007623
4.666666666666655,2.2474981883184477,4.16269792437915,6.111448405319842,-26.346388341064248,-15.866072927428855,-7.317500049944101
4.683333333333322,2.3185741116151335,4.264555397801147,6.043405695240741,-26.612855528757493,-15.988031261594589,-7.207872934952953
4.699999999999989,2.3913287587160528,4.365278826055159,5.942114726793028,-26.881324903377113,-16.10816247717714,-7.111707215609451
4.716666666666655,2.465733993241081,4.46431407150171,5.80812949069504,-27.15176975222329,-16.22669093077063,-7.031412849202855
4.733333333333322,2.5417525970690806,4.5611162296799606,5.642323991774525,-27.42416777130536,-16.343881144924012,-6.969063338055014
4.7499999999999885,2.6193385131170173,4.655154962876202,5.445803911196207,-27.698501641314664,-16.460032200558263,-6.926324494693182
4.766666666666655,2.6984371524736197,4.745918361396139,5.219810318401159,-27.974759490350273,-16.575470942136484,-6.904399805552297
4.783333333333322,2.778985739140889,4.832915200036159,4.965624040209731,-28.252935228220757,-16.690544272229022,-6.903992343615254
4.799999999999988,2.8609136658193277,4.915675600706321,4.684478999675639,-28.533028741742246,-16.805610811289277,-6.92528138487369
4.816666666666655,2.944142836664343,4.9937502507009155,4.377491942269993,-28.81504594453731,-16.92103216770384,-6.967910639183541
4.8333333333333215,3.028587977493322,5.066708449738749,4.0456147537282225,-29.09899867806548,-17.03716401169023,-7.030984483678927
4.849999999999988,3.114156900198337,5.134135362300886,3.6896142977335664,-29.384904462839117,-17.154347086418213,-7.113068850351445
4.866666666666655,-3.082434591415753,5.195628933929779,3.3100835202279826,-29.672786100071185,-17.27289823392407,-7.212194446227763
4.883333333333321,-2.9949213082057486,5.250796992600246,-4.180304520054047,-29.96267112464943,-17.393101474694532,7.003575109725225
4.899999999999988,-2.9085692206957594,5.181125250599345,0.6695093042086445,-30.250610711697192,-17.276375222865777,-3.702095215706769
4.9166666666666545,-2.822031158379046,5.192283739002822,0.2541558513493128,-30.539578658527095,-17.338076809794224,-3.778265763256246
4.933333333333321,-2.735422497214735,5.196519669858644,-0.11238391377097172,-30.82959612362457,-17.401047905848493,-3.9701628688356974
4.949999999999988,-2.6488450538042496,5.194646604629129,-0.49055725134350653,-31.120716411741164,-17.467217286995755,-4.148250537966127
4.966666666666654,-2.5624038762969152,5.186470650440071,-0.878280664763521,-31.41298899167386,-17.536354795961856,-4.310421423304153
4.983333333333321,-2.476206665640904,5.171832639360678,-1.273508539482045,-31.70645891089081,-17.608195153016926,-4.453075059688554
4.999999999999988,-2.390363207356971,5.150607497035978,-1.6734348492547564,-32.001165795402116,-17.6824130706784,-4.5727572484033026
5.016666666666654,-2.30498459208672,5.122716916215065,-2.0744559745618565,-32.297142890260204,-17.758625691485122,-4.666317389170769
5.033333333333321,-2.2201822145871803,5.088142649972368,-2.472186862547472,-32.59441618439306,-17.836397647971303,-4.731107145414746
5.049999999999987,-2.136066555660571,5.046939535596577,-2.861553067890007,-32.893003674955196,-17.915249433728217,-4.765186949530486
5.066666666666654,-2.052745772586153,4.999246984465077,-3.2369657603442685,-33.19291482855887,-17.99466921622039,-4.76751806305476
5.083333333333321,-1.9703241466673864,4.945297555126006,-3.5925755625102647,-33.49415029273561,-18.074127850604636,-4.738113831312318
5.099999999999987,-1.8889004584048725,4.8854212957508345,-3.9225874433097223,-33.796701899643274,-18.153096414459842,-4.678124368750395
5.116666666666654,-1.8085663777655,4.820044838362339,-4.221605856190965,-34.10055298554226,-18.231065153939014,-4.589835055657655
5.13333333333332,-1.7294049654195143,4.7496847407591565,-4.44961652689663,-34.40567902562337,-18.30756240486664,-4.924245532890399
5.149999999999987,-1.651479557664333,4.675524465310879,-4.690970649892006,-34.71217291168584,-18.389633163748147,-4.791545451475388
5.166666666666654,-1.5748571973118994,4.597341621146012,-4.890532456901719,-35.019997782595944,-18.46949225460607,-4.642929088449366
5.18333333333332,-1.499593318197494,4.515832746864317,-5.047017147468238,-35.32911235603061,-18.546874406080228,-4.482054298814896
5.199999999999987,-1.425731388290719,4.431715794406513,-5.160348453244174,-35.63947194454829,-18.621575311060475,-4.314093103161837
5.2166666666666535,-1.353302888509845,4.345709986852443,-5.231665137248618,-35.95102989226129,-18.69347686277984,-4.144003558321447
5.23333333333332,-1.2823276290448733,4.258515567898299,-5.263134266375047,-36.26373895207382,-18.762543588751864,-3.976308834450943
5.249999999999987,-1.2128143513205614,4.170796663458715,-5.257716858899063,-36.57755254211815,-18.82881540265938,-3.8149386543438704
5.266666666666653,-1.1447615505014992,4.0831680491437305,-5.218917303901602,-36.892425837344234,-18.89239771356511,-3.663139541709673
5.28333333333332,-1.0781584489335208,3.9961860940787037,-5.150543250324236,-37.20831667133191,-18.95345003926027,-3.5234479134746164
5.2999999999999865,-1.0129860538239657,3.9103437065733,-5.056494968052496,-37.5251862408511,-19.012174171151514,-3.3977140776641654
5.316666666666653,-0.9492182406499808,3.8260687904390918,-4.940594855580921,-37.842999619836306,-19.068802739112584,-3.2871626193419443
5.33333333333332,-0.8868228149358796,3.7437255428460765,-4.8064604520001035,-38.161726099549114,-19.123588782768284,-3.192474851943909
5.349999999999986,-0.8257625171251116,3.663617868646075,-4.657418871770373,-38.4813393778319,-19.176796696967347,-3.1138810184549137
5.366666666666653,-0.7659959467787244,3.5859942207832356,-4.496457207100545,-38.80181762306426,-19.228694713941596,-3.0512527953364956
5.3833333333333195,-0.7074783923231984,3.51105326733156,-4.326201876275173,-39.123143438517545,-19.279548927197204,-3.0041896431253297
5.399999999999986,-0.6501625606110822,3.4389499027269737,-4.148919671969964,-39.445303751093924,-19.329618754582626,-2.9720951971535974
5.416666666666653,-0.5939992065856243,3.3698012415274743,-3.9665338897892877,-39.76828964566951,-19.379153674535186,-2.954241982135949
5.433333333333319,-0.5389376675295523,3.3036923433643195,-3.780649978258331,-40.092096163017914,-19.428391040904117,-2.949824225013137
5.449999999999986,-0.4849263090229965,3.2406815103933475,-3.5925863460832206,-40.416722075984374,-19.47755477798767,-2.9579994954203204
5.466666666666653,-0.4319128911681305,3.1808050712919607,-3.581127096024822,-40.74216965547734,-19.52685476957801,-3.369302328859845
5.483333333333319,-0.379894230839938,3.121119619691547,-3.3948684727172616,-41.06855315228388,-19.58300980839234,-3.3979388796506003
5.499999999999986,-0.3288185895319448,3.0645384784795926,-3.2066516217864978,-41.39588052100144,-19.639642123053182,-3.432536722556879
5.516666666666652,-0.27863368478555894,3.0110942847831508,-3.018956123659653,-41.72416137214192,-19.69685106842913,-3.476582211625604
5.533333333333319,-0.2292873789624119,2.960778349388823,-2.8322097173279293,-42.05340794056342,-19.754794105289555,-3.529409608924546
5.549999999999986,-0.18072779806074482,2.913574854100024,-2.646696273007111,-42.383634900542944,-19.813617598771632,-3.590361741820894
5.566666666666652,-0.1329034105682464,2.8694632495499057,-2.4625970479460175,-42.71485918322853,-19.873456961135314,-3.6588376297879104
5.583333333333319,-0.08576307781128853,2.828419965417472,-2.280007802997874,-43.04709980970017,-19.934437588298447,-3.73429240857667
5.599999999999985,-0.0392560805551634,2.7904198353675076,-2.0989530345154424,-43.38037773961864,-19.996675795108057,-3.816235388607
5.616666666666652,0.006667874191374108,2.7554372847922504,-1.919397860328131,-43.71471573492283,-20.060279718251508,-3.904227195234457
5.633333333333319,0.052058662865598244,2.7234473204534484,-1.7412578626640305,-44.05013823778125,-20.125350171505413,-3.9978763224787217
5.649999999999985,0.09696576880019349,2.6944263560757147,-1.5644071756357252,-44.38667126184036,-20.191981443546727,-4.09683533881063
5.666666666666652,0.14143831718600103,2.6683529031484525,-1.3886850835163416,-44.72434229571581,-20.260262032526903,-4.20079691488482
5.6833333333333185,0.18552511971527624,2.6452081517565134,-1.2139013707596995,-45.06318021762317,-20.33027531444165,-4.30948978986423
5.699999999999985,0.22927472741934043,2.624976462243852,-1.0398406388101444,-45.40321522002772,-20.40210014427272,-4.422674752262249
5.716666666666652,0.2727354905015129,2.6076457849303494,-0.866265780258362,-45.74447874319678,-20.475811390143758,-4.540140680510308
5.733333333333318,0.3159556242002803,2.5932080219260434,-0.6929207790472041,-46.08700341655487,-20.551480401485595,-4.661700665638571
5.749999999999985,0.3589832799048679,2.5816593422752567,-0.5195329868786376,-46.430823006764534,-20.62917541257957,-4.787188221837769
5.7666666666666515,0.4018666208908781,2.5730004591606126,-0.3458150110265615,-46.77597237148026,-20.708961882943534,-4.916453578929316
5.783333333333318,0.44465390215160316,2.5672368756435033,-0.17146633750920626,-47.12248741774569,-20.79090277592569,-5.049360042921802
5.799999999999985,0.4873935538741312,2.5643791033516834,0.003825194020760583,-47.47040506402304,-20.875058776641055,-5.185780406181907
5.816666666666651,0.5301342681505539,2.5644428565853628,0.1803819513660343,-47.819763204857665,-20.961488450077418,-5.325593386862805
5.833333333333318,0.5729250885245782,2.5674492224414633,0.35853499523348803,-48.17060067718864,-21.050248339858467,-5.468680077910541
5.8499999999999845,0.6158155019528342,2.5734248056953546,0.5386223749424738,-48.52295722731903,-21.14139300782364,-5.614920389214194
5.866666666666651,0.658855532707463,2.582401845277729,0.7209871149334486,-48.876873477557545,-21.234975014310546,-5.764189472480506
5.883333333333318,0.7020958376606844,2.5944182971932865,0.9059747647595053,-49.23239089153841,-21.331044838851888,-5.916354127579856
5.899999999999984,0.7455878022707835,2.609517876605945,1.0939303754267595,-49.58955173722138,-21.429650740978218,-6.0712692019803205
5.916666666666651,0.7893836364296122,2.6277500495297246,1.285194753950361,-49.948399046571566,-21.530838561011223,-6.228774012161153
5.933333333333318,0.8335364691312049,2.6491699620955638,1.4800998369181948,-50.30897657092513,-21.63465146121391,-6.388688838394433
5.949999999999984,0.878100440676386,2.673838292710867,1.6789630142598284,-50.67132873106714,-21.741129608520485,-6.550811572879774
5.966666666666651,0.9231307908366393,2.7018210096151973,1.8820802284380937,-51.03550056109051,-21.850309801401814,-6.714914636752115
5.983333333333317,0.9686839410603476,2.733189013422499,2.089717674761285,-51.40153764517964,-21.962225045347683,-6.880742324613724
5.999999999999984,1.014817568415934,2.768017641335187,2.302101939130348,-51.76948604658116,-22.076904084091247,-7.0480087862226
6.016666666666651,1.06159066853239,2.8063860069873594,2.519408434851855,-52.139392228201075,-22.194370897194958,-7.216396913351145
6.033333333333317,1.1090636043251936,2.8483761475682234,2.7417480455740457,-52.511302964519146,-22.314644179084144,-7.385558464052174
6.049999999999984,1.1572981367973234,2.894071948327791,2.969151952967625,-52.885265244855006,-22.43773682015168,-7.555115823471707
6.06666666666665,1.2063574337008331,2.9435578142105845,3.2015547316153543,-53.261326168475165,-22.563655417209542,-7.724665864600578
6.083333333333317,1.256306051363125,2.996917059737507,3.43877593505658,-53.63953283261327,-22.692399848286218,-7.893786425898228
6.099999999999984,1.3072098845629325,3.0542299919884504,3.6805005792545717,-54.01993221520301,-22.823962955384523,-8.062045954337975
