Time,Theta,ThetaDot,ThetaDDot,CartPos,CartPosDot,CartPosDDot
0,0.08726646259971647,0.0,0.35403486292680314,0.0,0.0,-0.14661446537832562
0.016666666666666666,0.08736480561719615,0.005900581048780052,-3.2072474758591656,-4.072624038286822e-05,-0.0024435744229720936,-7.297412761825656
0.03333333333333333,0.08657224655804827,-0.04755354354887271,-3.2106387666445926,-0.002108511581272863,-0.1240671204533997,-7.295949780650018
0.05,0.08488784339705467,-0.10106418965961592,-2.590561143298639,-0.006202949639010085,-0.2456662834642333,-6.0337507961306125
0.06666666666666667,0.08248383991847812,-0.14424020871459323,1.281770936387293,-0.011973429584561365,-0.3462287967330768,1.7621074582768221
0.08333333333333333,0.08043588392223136,-0.12287735977480502,3.8894937680216604,-0.01725443523614686,-0.3168603390951298,7.014244217428673
0.09999999999999999,0.07946834286154618,-0.05805246364111068,3.044792157536349,-0.020587039716224394,-0.1999562688046519,5.328430246059025
0.11666666666666665,0.07934657740017666,-0.007305927682171524,-1.5538523212286133,-0.022439524683507753,-0.11114909803700149,-3.89674570146921
0.13333333333333333,0.0787931862940214,-0.03320346636931508,-3.2438395549607075,-0.025374439012310335,-0.17609485972815497,-7.281645463526152
0.15,0.07733872864482151,-0.08726745895199353,-3.250029993344787,-0.03033203263653685,-0.29745561745359084,-7.2789821617404415
0.16666666666666666,0.07498148488635918,-0.14143462550773997,0.5225038199385182,-0.03731156575013571,-0.41877198681593153,0.3117534098470546
0.18333333333333332,0.07276938107787977,-0.13272622850876467,3.8598942648987067,-0.044204500694332606,-0.41357609665181394,7.025871953505188
0.19999999999999998,0.07162947012076111,-0.06839465742711956,3.8554802598558027,-0.04914580454033362,-0.2964782307600608,7.027612697000445
0.21666666666666665,0.07156052590249129,-0.004136653096189519,-0.560211350176244,-0.05213499374827895,-0.17935135247672004,-1.8257903226866927
0.2333333333333333,0.07133596742028361,-0.013473508932460252,-3.275521727110565,-0.05563134693474837,-0.20978119118816493,-7.268028163330721
0.24999999999999997,0.07020154179165634,-0.06806553771763633,-3.2803289266043674,-0.061146596833254095,-0.3309149939103436,-7.265964933182323
0.26666666666666666,0.06815591368341675,-0.12273768649437579,-0.622445456844376,-0.06868017032431047,-0.45201440946338234,-1.9167520274507843
0.2833333333333333,0.06593738405938705,-0.13311177744178204,3.372927434115996,-0.07674617493410317,-0.4839602765875621,6.113421609501502
0.3,0.0646557787226118,-0.07689632020651545,3.828403638392609,-0.0831140068745899,-0.38206991642920374,7.038328301686935
0.31666666666666665,0.0644376188409456,-0.013089592899971955,0.2695562336097237,-0.0875267476201636,-0.2647644447344215,-0.09213048245790953
0.3333333333333333,0.06429433569083766,-0.00859698900647656,-3.3053080263564145,-0.09196508016642005,-0.26629995277538665,-7.255257115631432
0.35,0.06323291142229738,-0.0636854561124168,-3.30978691187017,-0.098418761911463,-0.3872209047025772,-7.2533395309592965
0.36666666666666664,0.06125210190045983,-0.11884857131025296,-0.6983481755928745,-0.10688726019288353,-0.5081098968852321,-2.000342959292315
0.3833333333333333,0.059077306774290926,-0.1304877075701342,3.3329444947812483,-0.1159114092963297,-0.5414489462067706,6.097906239729361
0.39999999999999997,0.05782832956333903,-0.0749386326571134,3.8017736538815634,-0.12324169555540661,-0.43981717554461464,7.0489284187103864
0.41666666666666663,0.05763540058957647,-0.011575738425754004,0.36934074564416786,-0.12861394614261953,-0.32233503523277485,0.1744569030035968
0.4333333333333333,0.05754506626738173,-0.00542005933168454,-3.333738929181384,-0.13393773647899812,-0.3194274201827149,-7.243097529725818
0.44999999999999996,0.05652869335374771,-0.06098237481804094,-3.338010277745846,-0.14127349835141165,-0.44014571234481187,-7.241273396236773
0.4666666666666666,0.05458509536296207,-0.11661587944713837,-0.6481983779280167,-0.15062072505611318,-0.5608336022820914,-1.83379633756128
0.4833333333333333,0.05246144226719643,-0.12741918574593866,3.4192621771722123,-0.1604773396323595,-0.5913968745747794,6.333351351124677
0.49999999999999994,0.05128758422064529,-0.07043148279306846,3.776149637818894,-0.16857468994440453,-0.48584101872270147,7.059183531279565
0.5166666666666666,0.051162656629043846,-0.007495655496086898,0.2919659211800631,-0.17471115594220524,-0.36818795986804204,0.0828649524456209
0.5333333333333333,0.051118830682214636,-0.002629556809752513,-3.360701129308168,-0.18082460389765992,-0.3668068773272817,-7.231595155800599
0.55,0.050141476643910936,-0.05864124229822198,-3.364792536058476,-0.18894682828528145,-0.48733346325729165,-7.229852290911708
0.5666666666666668,0.048229458012257656,-0.11472111789919658,-0.5702410382463101,-0.19907734497593402,-0.6078310014391535,-1.6148252927153368
0.5833333333333335,0.046159039092202626,-0.12422513520330175,3.531744664046349,-0.20965642424789638,-0.6347447563177424,6.618340819634933
0.6000000000000002,0.04506966035660492,-0.06536272413586261,3.751688533885791,-0.2183970755144046,-0.5244390759904936,7.069022257207982
0.6166666666666669,0.045022417324864374,-0.0028345819044327675,0.17548386851012016,-0.22517410948724395,-0.4066220383703605,-0.09019430512588775
0.6333333333333336,0.045023919812154416,9.01492374025684e-05,-3.3861759369768314,-0.23197619743372938,-0.4081252767891253,-7.2207547806165335
0.6500000000000004,0.04408481787250645,-0.05634611637887795,-3.39009266862987,-0.24078405059705274,-0.5284711897994009,-7.21909053707313
0.6666666666666671,0.04220402352490574,-0.11284766085604245,-0.4890726106730393,-0.25159720668734087,-0.6487893654172864,-1.3928621650707254
0.6833333333333338,0.040187375674340296,-0.12099887103392644,3.645360756047084,-0.26279726893459304,-0.6720037348351318,6.902564388640549
0.7000000000000005,0.039183328033787934,-0.060242858433141706,3.7284405873407174,-0.27207995218500064,-0.556960995024456,7.078415981183542
0.7166666666666672,0.03921495833416355,0.0018978180225369123,0.05451699066131096,-0.2793964087739684,-0.4389873953380636,-0.2753858381371292
0.733333333333334,0.0392617322430562,0.0028064345335587614,-3.410172993702128,-0.2867893614290853,-0.44357715930701574,-7.210568892573793
0.7500000000000007,0.038361235875920476,-0.05402978202814337,-3.413915531802149,-0.29618524988769496,-0.5637533075165789,-7.208982640185093
0.7666666666666674,0.03651242963883971,-0.11092837422484585,-0.4108550948981662,-0.3075836335241338,-0.6839030181863305,-1.1802391350235069
0.7833333333333341,0.034549496986509456,-0.11777595913981528,3.7100769441938173,-0.3193098613647459,-0.7035736704367223,7.085864837059247
0.8000000000000008,0.03361714126312193,-0.055941343403251666,3.7063754225555865,-0.32906779341728587,-0.5854759231524015,7.087369293490259
0.8166666666666675,0.03371433426822207,0.005831580306008111,-0.009319062179235497,-0.3368570117771897,-0.4673531015942305,-0.349174438651115
0.8333333333333343,0.033808938644939085,0.0056762626030208525,-3.4328036277009053,-0.34474322303671884,-0.4731726755717491,-7.2009868689838195
0.850000000000001,0.03294998645840585,-0.05153713119199424,-3.4363616134191908,-0.35462970842652125,-0.5931891233881461,-7.199482557982977
0.8666666666666677,0.031136489379256168,-0.10880982474898075,-0.34641130442614865,-0.36651605008243004,-0.7131804993545291,-0.9983948262714457
0.8833333333333344,0.02922676693776589,-0.11458334648941657,3.6889154136695583,-0.3786797236345254,-0.7298204131257199,7.094479136992871
0.9000000000000011,0.028341743222294935,-0.05310142292825726,3.6853898057279197,-0.38887270853745604,-0.6115790941758387,7.095917432966141
0.9166666666666679,0.028480438897303957,0.008321740500541401,0.03076846657744924,-0.39709460526456275,-0.493313803626403,-0.21762189157595657
0.9333333333333346,0.028627681368584495,0.008834548276832221,-3.4542370989051165,-0.40537695251710726,-0.4969408351526689,-7.191934008523391
0.9500000000000013,0.02781541353461361,-0.04873607003825305,-3.4575910292867156,-0.4156570592164638,-0.6168064019613921,-7.190519425222027
0.966666666666668,0.026042703748063084,-0.10636258719303165,-0.30381265312991984,-0.4279345324228264,-0.7366483923817593,-0.8631076277474886
0.9833333333333347,0.024185601557865356,-0.11142613141186365,3.668806483664594,-0.4404517577480078,-0.751033519510884,7.102694414066672
1.0000000000000013,0.023347612279796683,-0.05027935668412042,3.6654574931304653,-0.45099601240261517,-0.6326552792764395,7.104065336974012
1.016666666666668,0.023527805638708692,0.010811601534720668,0.0714579238424484,-0.45956691557472973,-0.5142541903268727,-0.08765963684714079
1.0333333333333345,0.02372784842091027,0.012002566932094807,-3.474443447803049,-0.4681621686459685,-0.5157151842743251,-7.183420067621035
1.0500000000000012,0.02296276802316656,-0.045904823864622676,-3.477593028374866,-0.4787528161804353,-0.635438852068009,-7.182094843064651
1.0666666666666678,0.021231689561985387,-0.10386470767087044,-0.26458036241898236,-0.49133849006019786,-0.7551404327857532,-0.7373818443577516
1.0833333333333344,0.01942711655568783,-0.10827438037785349,3.6497655506174866,-0.5041289922300598,-0.7674301301917157,7.110499089124337
1.100000000000001,0.018636367313450686,-0.047444954534228714,3.6465957853016957,-0.5149443557640538,-0.6489218120396434,7.111800721680595
1.1166666666666676,0.018858561344908455,0.01333164188746621,0.10947413469712954,-0.5237842190975811,-0.5303918000116334,0.03415139543195965
1.1333333333333342,0.01911116485822654,0.015156210799085036,-3.4934261314037145,-0.5326145959323773,-0.5298226100877674,-7.17544060476309
1.1500000000000008,0.01839337222393248,-0.043067558057643535,-3.496372640721517,-0.5434381507129409,-0.6494132868338189,-7.174203705789186
1.1666666666666674,0.016704364967215776,-0.10134043540300215,-0.22809586752544073,-0.5562545398562238,-0.768983348596972,-0.6199733940571605
1.183333333333334,0.014951997747297562,-0.10514203319509283,3.631805711934674,-0.5692431438311891,-0.7793162384979248,7.117882935723204
1.2000000000000006,0.014208465447361202,-0.0446119379961816,3.6288167643086435,-0.5802545581017869,-0.6606848562358714,7.119113845266499
1.2166666666666672,0.014472937804177242,0.015868341408962455,0.14474930152119164,-0.5892884407486997,-0.542032958814763,0.1476842312396066
1.2333333333333338,0.014777618300304725,0.018280829767648984,-3.511195191176187,-0.5982812999980458,-0.5395715549607696,-7.167988422066126
1.2500000000000004,0.014106966798883267,-0.04023909008528747,-3.513940819712471,-0.6092652671424104,-0.6590380286618717,-7.166838440649872
1.266666666666667,0.012460220625319457,-0.09880477041382865,-0.19430096260390292,-0.622240022742511,-0.7784853360060362,-0.5107485757734368
1.2833333333333337,0.010759501962143451,-0.10204311979056037,3.6149337120161653,-0.6353566529469931,-0.7869978122689268,7.1248387454679865
1.3000000000000003,0.010062931552305268,-0.041794224590290946,3.612126133075949,-0.6464941612777341,-0.6682504998444604,7.125997996762359
1.3166666666666669,0.010369729512765961,0.018407877627641532,0.17732845717416587,-0.6556522257204855,-0.5494838665650877,0.25304899161543115
1.3333333333333335,0.010725785377997255,0.02136335191387763,-3.527765818438759,-0.6647399987766771,-0.5452663833714972,-7.161054226930573
1.35,0.010101906293662227,-0.037432745060101684,-3.5303135543964697,-0.6758169535625717,-0.6646172871536735,-7.159989436724176
1.3666666666666667,0.00849738455532818,-0.09627130430004285,-0.16314566589776955,-0.6888827943031118,-0.7839504444324098,-0.4095794851620393
1.3833333333333333,0.006847544576466974,-0.09899039873167234,3.599150222236471,-0.7020624071228637,-0.7907767691851104,7.131362222135683
1.4,0.00619746854822701,-0.03900456169439783,3.59652358980602,-0.7132610859920223,-0.6719207321495158,7.132449349948261
1.4166666666666665,0.006546426850488719,0.020937498135702504,0.2072693374301205,-0.7224785289306397,-0.5530465763170447,0.3503916580728362
1.4333333333333331,0.006952959968703238,0.02439198709287118,-3.5431577647215566,-0.7315986408531258,-0.5472067153491641,-7.154626927824631
1.4499999999999997,0.006375282596717325,-0.034660642319154764,-3.545511303239048,-0.742706149144452,-0.6664504974795746,-7.153645329404177
1.4666666666666663,0.004812740973831677,-0.0937524973731389,-0.13457154809906047,-0.7558007811383906,-0.785677919636311,-0.316311438936991
1.483333333333333,0.003212818365362956,-0.09599535650812324,3.5844502675806487,-0.7689832774209227,-0.7909497769519275,7.137451806424963
1.4999999999999996,0.0026085763867777488,-0.036254518715112434,3.5820032586002766,-0.7801831482016701,-0.6719922468448447,7.13846678504696
1.5166666666666662,0.002999335313359285,0.023445535594892174,0.23463813355075658,-0.7894001115421267,-0.5530178004273953,0.43988480370434
1.5333333333333328,0.0034552714992604756,0.02735617115407145,-3.5573948141650416,-0.7984948846593322,-0.545686387032323,-7.148693895376742
1.5499999999999994,0.0029230424590047104,-0.03193374241534591,-3.5595584730234764,-0.8095754060808089,-0.664831285288602,-7.1477932573371366
1.566666666666666,0.001402047176242424,-0.09125971696573718,-0.10851217200157827,-0.8226414256293237,-0.7839611729108876,-0.2307646286399409
1.5833333333333326,-0.00014909037652030056,-0.09306825316576348,3.570823662120522,-0.8357715464635719,-0.7878072500548866,7.143108489313825
1.5999999999999992,-0.0007083324675828802,-0.03355452546375478,3.568554125458164,-0.8469174704952328,-0.6687554418996562,7.144051700728065
1.6166666666666658,-0.0002763095237959698,0.025921376627214623,0.2595083678112207,-0.8560789357211359,-0.5496879135541884,0.5217245888372274
1.6333333333333324,0.0002277990777162797,0.03024651609073497,-3.5705042918385366,-0.8650954774501398,-0.5409925037402347,-7.143241199959419
1.649999999999999,-0.0002598990685043976,-0.029261888773240638,-3.5724829329199306,-0.8760962528457992,-0.6600465237395583,-7.14241909622356
1.6666666666666656,-0.001739953584980611,-0.08880327098857281,-0.08489404029145117,-0.889081033545965,-0.7790868420099509,-0.15273677525437854
1.6833333333333322,-0.0032435897793155607,-0.09021817166009699,3.5582554456774207,-0.9021082411281459,-0.7816324549308572,7.148335618792563
1.6999999999999988,-0.0037588216831845604,-0.03091391423213998,3.5561604748289906,-0.9131497999273289,-0.6624935279509812,7.149207820002516
1.7166666666666655,-0.0032862312329343963,0.028355427015009857,0.2819599191946718,-0.9222054676654001,-0.5433400642842725,0.5961280653913819
1.733333333333332,-0.002735318582907934,0.03305475900158772,-3.5825166058264766,-0.9310955442741959,-0.5334045965277495,-7.1382538270433455
1.7499999999999987,-0.003179549434499938,-0.026653851095520223,-3.584315562061221,-0.9419684691682816,-0.6523754936451386,-7.137507670575804
1.7666666666666653,-0.004619423497775614,-0.08639244379654057,-0.06363751805627259,-0.9548240350819717,-0.771333954821402,-0.0820057218002319
1.7833333333333319,-0.006076974649400255,-0.08745306909747845,3.546726318401121,-0.9677023803628284,-0.7727007168514058,7.153138702757526
1.7999999999999985,-0.006549324045913473,-0.0283409637907931,3.5448023235728106,-0.978593742670697,-0.6534817384721138,7.153940992709256
1.816666666666665,-0.0060370061303231335,0.030739074935420406,0.30207810380677785,-0.9874978991472574,-0.5342493885936261,0.6633305959751582
1.8333333333333317,-0.005440777630342022,0.035773709998866705,-3.5934648215646563,-0.9962177971249359,-0.5231938786607069,-7.1337158714998745
1.8499999999999983,-0.005842733803017759,-0.024117370360544232,-3.59508982910655,-1.0069192828446976,-0.6420891431857048,-7.133042944638974
1.866666666666665,-0.007243326039334205,-0.08403553417898674,-0.044657712188417735,-1.0196021693824147,-0.760973192263021,-0.018331930797346935
1.8833333333333315,-0.008656323195702989,-0.08477982938212704,3.5362130703555925,-1.032290148123131,-0.7612787244429767,7.157525210514919
1.8999999999999981,-0.009087038943639663,-0.0258429448762005,3.5344558494635434,-1.042989925416482,-0.6419866376010614,7.158258996994981
1.9166666666666647,-0.008535961400058687,0.03306465261485855,0.3199528066651447,-1.05170129743289,-0.5226823209844784,0.7235833801350889
1.9333333333333313,-0.007896008076848504,0.038397199392610964,-3.6033842668473146,-1.0602116740659273,-0.510622597982227,-7.129610712179454
1.949999999999998,-0.008256994827762576,-0.021659205054844276,-3.604841402205159,-1.0707024981190143,-0.6294494431852179,-7.129008193821897
1.9666666666666646,-0.009619326412622524,-0.08173989509159693,-0.02786530660551957,-1.0831736022259406,-0.7482662464155828,0.03853911485166739
1.9833333333333312,-0.01098939836042845,-0.0822043168683556,3.526689003449258,-1.095634001023186,-0.7476239278347216,7.161504375061392
1.9999999999999978,-0.011379834473942916,-0.02342616681086796,3.525093811614055,-1.106105093049581,-0.6282655215836984,7.162171341907231
2.0166666666666644,-0.010791077862009033,0.03532539671603296,0.3356776642851927,-1.1145866930365573,-0.5088959992185779,0.7771510873532222
2.033333333333331,-0.010109077454440375,0.040920024454119505,-3.612312165883991,-1.1228524177214911,-0.49594348109602415,-7.125921168194985
2.0499999999999976,-0.010430497092950602,-0.01928517831061368,-3.6136077877357695,-1.1330975649531456,-0.6147088338992739,-7.125386158078767
2.066666666666664,-0.011755696672498544,-0.0795119747728765,-0.013167352931025575,-1.1453219861175998,-0.7334652698672534,0.0888746090465647
2.083333333333331,-0.013084553850082881,-0.07973143065506026,3.518124343301666,-1.1575217198906522,-0.731984026383144,7.165086998034172
2.0999999999999974,-0.013436154265638978,-0.021096024933365827,3.516685960458494,-1.1677311517198063,-0.6125659097492411,7.165689072948677
2.116666666666664,-0.012810897469956605,0.037515407740942405,0.34934929741129495,-1.1759501143620301,-0.4931377585334298,0.8243095974990035
2.1333333333333306,-0.012088599202771094,0.043337896031130654,-3.620287300778397,-1.1839401021160598,-0.4793992652417797,-7.1226296383904995
2.1499999999999972,-0.012371936296912914,-0.017000225648509296,-3.6214279961963,-1.1939085981029758,-0.5981097592149547,-7.1221591787257115
2.166666666666664,-0.013661225612220374,-0.07735735891844762,-0.00046801647350914197,-1.2058554716395378,-0.7168124121937165,0.1329522199569166
2.1833333333333305,-0.01495064493210381,-0.07736515919300611,3.5104866388992844,-1.2177654140038894,-0.7145965418611012,7.168285258961086
2.199999999999997,-0.015264929074515222,-0.01885704854468471,3.5091994351887155,-1.2276841660185296,-0.5951251208784164,7.168824582180406
2.2166666666666637,-0.014604435596040879,0.03962960870846055,0.3610665931028747,-1.2356115778714531,-0.47564471117540963,0.8653438500666247
2.2333333333333303,-0.013843645841704626,0.04564738526017513,-3.6273496988239677,-1.2432986164326916,-0.4612223136742992,-7.11971822548397
2.249999999999997,-0.014090453225930588,-0.014808443053557663,-3.6283422336450113,-1.2529633545010088,-0.579884284099032,-7.119309320178663
2.2666666666666635,-0.015345133452835719,-0.07528081361430786,0.010330722484795028,-1.2646056784915978,-0.698539439435343,0.17105799042919612
2.28333333333333,-0.016596944034606185,-0.07510863490622793,3.5037411481566365,-1.2762004863737342,-0.6956884729281898,7.171112530193323
2.2999999999999967,-0.01687549318633314,-0.016712949103617328,3.502599146805231,-1.285803318553039,-0.576169930758301,7.171591424217177
2.3166666666666633,-0.016181098130614198,0.04166370334313652,0.37093003526285573,-1.2934140420033948,-0.4566434070213481,0.9005458038651073
2.33333333333333,-0.015383666953988908,0.04784587059751745,-3.633540344056111,-1.300774613841566,-0.44163431029026295,-7.117168846345896
2.3499999999999965,-0.015595552539601425,-0.01271313513675107,-3.6343916171427724,-1.310112177025944,-0.5602537910626946,-7.116818478066392
2.366666666666663,-0.016816991352198045,-0.07328632875579727,0.019328411915792584,-1.3214266342320073,-0.6788674323638011,0.20348434415242786
2.3833333333333298,-0.018033061161484724,-0.07296418855720073,3.497851207761426,-1.3326845680091395,-0.6754760266279273,7.17358319867326
2.3999999999999964,-0.018277505635282118,-0.01466666842784363,3.496848145205039,-1.34194983978664,-0.5559163066500397,7.174004139230051
2.416666666666663,-0.017550603402078112,0.04361413399224035,0.3790410825899833,-1.3492223326365769,-0.43634957099620547,0.9302125089166029
2.4333333333333296,-0.01671841197926578,0.04993148536874007,-3.638900911563909,-1.3562364331229257,-0.4208460291809288,-7.11496332981964
2.449999999999996,-0.016897026365221196,-0.010716863157325077,-3.6396179127113206,-1.3652269123120022,-0.5394287513445895,-7.114668475112992
2.466666666666663,-0.018086645726929758,-0.07137716170251375,0.02662551545702191,-1.3761936882997212,-0.6580065592631393,0.23052820031706314
2.4833333333333294,-0.019268869112122482,-0.07093340311156339,3.492778585940436,-1.387096428676241,-0.6541644225911882,7.175712495477202
2.499999999999996,-0.019480876223442863,-0.012720426679222789,3.4919079689858,-1.396005915581795,-0.5345692143332349,7.176078083862416
2.5166666666666626,-0.018722908898933854,0.04547803947054054,0.3855015928431467,-1.4029220474640538,-0.414967912935528,0.9546442921935375
2.533333333333329,-0.017857857798635083,0.05190306601792632,-3.6434735231392823,-1.4095730003762588,-0.39905717473230234,-7.113083503411983
2.549999999999996,-0.018004882676986113,-0.008821492701061723,-3.6440632943992,-1.4181998098171893,-0.5176085664558354,-7.1128411461034124
2.5666666666666624,-0.01916414735933692,-0.06955588094104839,0.03232284352236525,-1.4288024084653708,-0.6361559188908923,0.25248919921429414
2.583333333333329,-0.020314433474042624,-0.0690171668823423,3.4884838170338845,-1.4393348712248817,-0.631947765570654,7.177516333879013
2.5999999999999956,-0.020495696306238917,-0.010875769931777558,3.487738976895287,-1.447873579447204,-0.5123224933393371,7.177829270774692
2.6166666666666623,-0.019708142755964296,0.047253213016477225,0.3904132922231021,-1.4544184462054222,-0.39269200549309224,0.9741430585271633
2.633333333333329,-0.018812141068961036,0.053760101220195596,-3.6473005229251085,-1.460692717669605,-0.37645628785097285,-7.111511270088923
2.6499999999999955,-0.01892927841610364,-0.007028240828556215,-3.64777012313157,-1.4689424089310348,-0.4949814756857882,-7.111318413150278
2.666666666666662,-0.0200596852418939,-0.06782440954741571,0.03652102748272282,-1.4791674664183396,-0.6135034492382928,0.2696680407752672
2.6833333333333287,-0.02117994733782785,-0.067215725756037,3.4849265170071284,-1.4893176161165402,-0.6090089818920383,7.179011156505065
2.6999999999999953,-0.02133217429014871,-0.00913361713925153,3.484300660094353,-1.497473596049045,-0.48935879595028725,7.179274217360384
2.716666666666662,-0.020516539947998916,0.048938060528987685,0.39387728860277127,-1.5036353331433943,-0.3697042256609475,0.9890107075867238
2.7333333333333285,-0.019591495247903906,0.05550268200570054,-3.6504242718117825,-1.5095223450411914,-0.35322071386783543,-7.110228676307942
2.749999999999995,-0.019680457289978838,-0.005337722524495832,-3.650780744108469,-1.5173844204601854,-0.4717245251396345,-7.110082352375063
2.7666666666666617,-0.020783525094306123,-0.06618406825963699,0.03932003614867212,-1.527221518754839,-0.5902258976792188,0.28236493747954494
2.7833333333333283,-0.021875670666369886,-0.06552873432382579,3.482065679257982,-1.5369801823446372,-0.5855198153878931,7.180213791993157
2.799999999999995,-0.022000575771973098,-0.00749430633619276,3.481551934628927,-1.5447443421033262,-0.4658495855213405,7.180429804021411
2.8166666666666615,-0.021158383117957164,0.05053155924095602,0.39599362727028725,-1.5505139380275648,-0.34617575545431695,0.99954766729687
2.833333333333328,-0.020206192234143928,0.057131453028794146,-3.652886959421252,-1.5560058818219986,-0.3295166276660358,-7.109217972308274
2.8499999999999948,-0.02026869217239215,-0.003749996294893386,-3.653137301605595,-1.5634726083865182,-0.44800359387117367,-7.109115253006491
2.8666666666666614,-0.021345952472197484,-0.06463561798831996,0.04081873365676153,-1.572914089187984,-0.5664888480879485,0.2908781824113834
2.883333333333328,-0.022411874234875936,-0.06395530576070727,3.4798599502937986,-1.5822747704943356,-0.5616408783810921,7.181141321427335
2.8999999999999946,-0.02251116823358389,-0.00595763992247729,3.479451413719957,-1.5896406903225129,-0.4419551896906365,7.181313142252538
2.916666666666661,-0.021643947950702968,0.052033216972855324,0.3968608877896133,-1.595011800944509,-0.3222666373197609,1.0060515434680888
2.933333333333328,-0.02066648853232493,0.058647565102682216,-3.6547304326059105,-1.6001034528044304,-0.30549911159529275,-7.108461665569293
2.9499999999999944,-0.02070423201189298,-0.0022646087740829587,-3.6548815701196387,-1.6071696773492323,-0.4239734726881143,-7.108399669787759
2.966666666666661,-0.021757220372049815,-0.06317930160941027,0.041114477738991344,-1.6162104573578642,-0.5424468005179103,0.2955028325442002
2.9833333333333276,-0.022798788043945823,-0.06249406031376041,3.4782678850534143,-1.6251691532463448,-0.5375217533088402,7.181810954695716
2.9999999999999942,-0.02287417019221588,-0.004522928896203503,3.4779576596785984,-1.63213290164741,-0.4178249040639116,7.181941452662609
3.016666666666661,-0.02198345299057522,0.0534430320984398,0.39657582052863716,-1.6371016663116245,-0.2981258798528681,1.0088158847860211
3.0333333333333274,-0.020982575838787713,0.06005262910725042,-3.6559960394750743,-1.641790204341176,-0.2813122817731011,-7.10794256823729
3.049999999999994,-0.02099725314240995,-0.0008806382173341537,-3.6560548008848137,-1.6484531708619048,-0.3997779912437226,-7.1079184694747335
3.0666666666666607,-0.022027501224055744,-0.061814884898747716,0.040302757241568864,-1.6570905591797098,-0.5182432990683015,0.2965295066178905
3.0833333333333273,-0.02304655409535666,-0.0611431722780549,3.477248181834105,-1.665645578190121,-0.5133011406246699,7.182239916808561
3.099999999999994,-0.02309970469392588,-0.003189035914153149,3.4770294154362333,-1.672205530556974,-0.3935971420111939,7.1823319529527225
3.1166666666666605,-0.02218701378820726,0.054761454343117404,0.3952330213583404,-1.6767703907146738,-0.2738916094619819,1.008129061676255
3.133333333333327,-0.021164535932111317,0.06134867136575641,-3.656724488042318,-1.6810552150219078,-0.2570894584340443,-7.107643839215182
3.1499999999999937,-0.021157814878249352,0.00040326323171777784,-3.6566975828668515,-1.687314384840035,-0.37555018908763066,-7.107654872102649
3.1666666666666603,-0.022166843152961514,-0.060541696482729744,0.038476867655653724,-1.6955479032337462,-0.4940111036226748,0.2942432962680102
3.183333333333327,-0.02316518340888044,-0.05990041535513552,3.4767598969522053,-1.703699687378494,-0.48910704868487465,7.182445344117787
3.1999999999999935,-0.023197757026757086,-0.0019544170725987603,3.4766258158445633,-1.7098563478165425,-0.3693996262829115,7.182501755777718
3.21666666666666,-0.022264601251343576,0.05598934652481063,0.39292464298425367,-1.7140178688779861,-0.2496912636866162,1.0042732569445132
3.2333333333333267,-0.021222299741767772,0.06253809057454819,-3.6569557186617248,-1.717900425145834,-0.23295337607087432,-7.107549021510368
3.2499999999999933,-0.02119581926515356,0.001588828596852783,-3.6568497174144468,-1.7237573005863238,-0.3514125264293805,-7.107592487600558
3.26666666666666,-0.022185130376710025,-0.059358666693388,0.03572762332976129,-1.7315885072733692,-0.4698724012227231,0.2889227883908647
3.2833333333333266,-0.02316451714845267,-0.05876320630455864,3.4767626394175077,-1.739339457630306,-0.4650570214162087,7.182444190295751
3.299999999999993,-0.023178136520357117,-0.0008171623142668449,3.476706579049639,-1.7450952846010497,-0.34534961824461285,7.18246777633598
3.3166666666666598,-0.022226004064747777,0.05712794733656047,0.38974014133646306,-1.7488559816339222,-0.2256418219723465,0.9975235655130511
3.3333333333333264,-0.021165610458767196,0.06362361635883486,-3.6567287894892164,-1.7523395887874855,-0.20901642921379565,-7.10764207534424
3.349999999999993,-0.021120974849866952,0.002678136534014587,-3.6565501058150427,-1.7577975409619777,-0.327477130469533,-7.107715348242643
3.3666666666666596,-0.02209204760369311,-0.05826436522956946,0.032143104950645235,-1.7652298585109818,-0.4459390529402437,0.28083919609971997
3.383333333333326,-0.023054191717255198,-0.05772864681372537,3.477216746036003,-1.7725841651721803,-0.44125839967191505,7.182253141859531
3.399999999999993,-0.02305044229025173,0.00022496562020801053,3.4772321783752504,-1.7779434015161957,-0.3215541806409229,7.18224664946285
3.4166666666666594,-0.022080795035921804,0.05817883525979552,0.38576605541594267,-1.7813075693464713,-0.20185006981654208,0.9881472000440835
3.433333333333326,-0.02100399054397634,0.06460826951672789,-3.6560817742662066,-1.7843972518434015,-0.18538094981580736,-7.107907407444112
3.4499999999999926,-0.020942764322660377,0.00367357327895778,-3.6558366490617535,-1.7894613530646217,-0.3038460732732092,-7.108007937344199
3.4666666666666592,-0.021897048281639346,-0.05725703753873811,0.027808440809022818,-1.7964999009351041,-0.42231287222894587,0.2702555950607124
3.483333333333326,-0.02284360767372692,-0.0567935635252544,3.478083437472995,-1.8034633778069586,-0.4178086123112673,7.1818885429660275
3.4999999999999925,-0.02282403277762755,0.0011744937659621812,3.478163995265771,-1.8084318856391004,-0.2981104699285002,7.181854655943718
3.516666666666659,-0.021838301216176578,0.059143893687058365,0.38108581897199983,-1.811405433844591,-0.17841289232943824,0.9764027987677666
3.5333333333333257,-0.020746712482788938,0.06549532400325836,-3.655051671776666,-1.814107759050424,-0.16213951234997548,-7.108329896864835
3.5499999999999923,-0.020670415880450373,0.004577796140313922,-3.6547461591907986,-1.8187846203387195,-0.28061167729772274,-7.108455214538234
3.566666666666659,-0.021609326544553695,-0.05633463984619939,0.022805620305595506,-1.8254360525199422,-0.39908593087336,0.25742626149482295
3.5833333333333255,-0.022541902314127685,-0.055954546174439464,3.4793249559095716,-1.8320159774063052,-0.3947954931817796,7.181366329152128
3.599999999999992,-0.02250799892928235,0.0020342030907200617,3.47946445393677,-1.836601078312348,-0.27510605436257746,7.181307657713422
3.6166666666666587,-0.02150757764056569,0.06002527732299956,0.3757796023708359,-1.839191371535693,-0.15541759340068712,0.9625398314271808
3.6333333333333253,-0.020402773128968245,0.06628827069584682,-3.653674326375375,-1.8415142925836412,-0.13937526287690077,-7.1088949176235205
3.649999999999992,-0.02031287815247507,0.005393698589590573,-3.653314281594374,-1.8458119066642626,-0.25785684483729276,-7.109042637906435
3.6666666666666585,-0.021237792698646996,-0.05549487277031566,0.017213338105267754,-1.8520842548109693,-0.3763408888024,0.24259610770685808
3.683333333333325,-0.022157925762011907,-0.05520798380189453,3.4809046850102696,-1.8582892151499797,-0.37229762034061903,7.1807019696520635
3.6999999999999917,-0.02211114085731841,0.0028070942816099606,3.481097138463935,-1.8624995360529755,-0.2526192541797513,7.180621041567799
3.7166666666666583,-0.021097384525273818,0.060825379922675546,0.3699241830056642,-1.8647152399999802,-0.13294223682028797,0.9467980989128468
3.733333333333325,-0.019980871475727652,0.06699078297276995,-3.6519843590249548,-1.866667944475065,-0.11716226850507386,-7.109588358376448
3.7499999999999916,-0.01987879852591064,0.0061243769890206995,-3.651575427752529,-1.870595534605254,-0.23565540781134797,-7.109756183185359
3.766666666666658,-0.020791052083802664,-0.054735213473521456,0.011106867309562994,-1.8764980570085503,-0.3541513441977706,0.22600021064825374
3.7833333333333248,-0.021700220400775364,-0.054550099018362073,3.4827872529894566,-1.8823378015755554,-0.3503846740202997,7.179910417890287
3.7999999999999914,-0.021641947814139882,0.003496355198128867,3.4830268931080304,-1.8861831265820352,-0.2307195003887949,7.179809670980853
3.816666666666658,-0.020616167757196616,0.06154680341659604,0.36359284259671115,-1.8880340600132426,-0.11105600587244736,0.9294073218895832
3.8333333333333246,-0.019489389688420927,0.06760668412654122,-3.650015108312609,-1.8896268247439252,-0.09556588384095431,-7.110396639321998
3.849999999999991,-0.019376504705287633,0.006773098987997744,-3.649562717859971,-1.893194699652197,-0.21407249449632093,-7.110582360225093
3.866666666666658,-0.02027738714378211,-0.05405294630966844,0.004557959991846318,-1.8987377363271982,-0.3325822005000725,0.2078634287431749
3.8833333333333244,-0.02117700348227885,-0.053976980309804336,3.4849386196190273,-1.9042230331608818,-0.3291178100210196,7.179006069721781
3.899999999999991,-0.021108581315325857,0.00410533001717945,3.4852199067263974,-1.907714161641865,-0.2094677088589899,7.178887845595674
3.9166666666666576,-0.020072042507615535,0.062192328462619406,0.3568552897339781,-1.9092111546101826,-0.089819578099062,0.9105868135158789
3.9333333333333242,-0.01893637723053466,0.06813991662485237,-3.6477985809449063,-1.9104552067969682,-0.07464313120713069,-7.111306726476925
3.949999999999991,-0.018813989337049596,0.007343273609103938,-3.647307932850131,-1.9136746219633307,-0.1931649099817461,-7.111508226842358
3.9666666666666575,-0.0197047425360229,-0.053445191938398244,-0.0023652265760133865,-1.9188694560815938,-0.3116900470957854,0.1884001019985661
3.983333333333324,-0.02059615274237843,-0.0534846123813318,3.487326148061721,-1.9240119568381906,-0.3085500453958093,7.178002728972192
3.9999999999999907,-0.020518861240939035,0.004637490086363549,3.4876437821610113,-1.9271605679478507,-0.18891666657960612,7.177869267938933
4.016666666666658,-0.019472779800010474,0.06276488645571374,0.349777606026143,-1.9283153264830835,-0.06928551211395725,0.8905452312159613
4.033333333333324,-0.018329537912963538,0.06859451322281612,-3.6453654112410234,-1.9292227113429783,-0.054443091593691234,-7.112306143444582
4.049999999999991,-0.01819889752903911,0.007838423035465732,-3.6448414753401073,-1.9321057367982744,-0.1729815273177676,-7.112521400182643
4.0666666666666575,-0.01908071311048693,-0.05290893488686939,-0.00959817968097879,-1.9369644626425102,-0.291523550654145,0.16781383028016256
4.083333333333324,-0.01996519485295725,-0.05306890454821903,3.4899186624435203,-1.9417765735338903,-0.28872665348280896,7.176913579816955
4.099999999999991,-0.01988025474474881,0.005096406492506304,3.49026759152026,-1.9445950973197659,-0.16911142715252636,7.176767016896358
4.116666666666657,-0.01882579586111808,0.06326753301784396,0.3424222142357736,-1.945420074712059,-0.04949864353758707,0.8694804023839456
4.133333333333324,-0.017676219695755186,0.06897456992177352,-3.6427448291622286,-1.9460035297703564,-0.035007303497854636,-7.113382980772236
4.149999999999991,-0.017538517094048467,0.008262156102403044,-3.642192339036751,-1.9485629245455351,-0.15356368651072524,-7.113610065685637
4.166666666666657,-0.018412534586518627,-0.052441049548209474,-0.017080058581761638,-1.9530983221167377,-0.2721238542721525,0.14629732455577973
4.183333333333324,-0.01929129653970594,-0.052725717191238836,3.4926864920963077,-1.9575930815422304,-0.2696855655295562,7.1757511655307455
4.19999999999999,-0.01919986780064428,0.005485724343699622,3.4930619182875993,-1.9600945767550757,-0.15008971277071043,7.17559352747992
4.216666666666657,-0.018138144084280508,0.06370342298182627,0.3348478668042149,-1.960602851543621,-0.030496487312711762,0.8475792188732244
4.233333333333324,-0.016983407071582232,0.06928422076189651,-3.6399646364288643,-1.9608756876602569,-0.01637016699815802,-7.114525902979556
4.24999999999999,-0.016839771346780864,0.008618143488082111,-3.6393880861569876,-1.963124780972165,-0.13494559871448394,-7.11476298373401
4.266666666666657,-0.017707076757023103,-0.05203832461453435,-0.02475370123407343,-1.9673501973351104,-0.25352498177671745,0.12403232588577612
4.2833333333333234,-0.01858125819538592,-0.05245088630176891,3.4956015034094725,-1.9715411602741986,-0.2514577763452879,7.174527373136207
4.29999999999999,-0.01848443921613499,0.0058091387550556275,3.495998887196021,-1.9737391989429711,-0.1318823201263511,7.1743605764155385
4.316666666666657,-0.01741650943488517,0.0640757868749893,0.32710965319721935,-1.9739443596738504,-0.01230964385275879,0.8250175951436277
4.333333333333323,-0.016257715861080563,0.06952761442827629,-3.6370511902860896,-1.9739203488505233,0.001440649399635006,-7.1157241533305156
4.34999999999999,-0.01610921428457765,0.008910094590174798,-3.6364548324250374,-1.9758729280697878,-0.11715475315587358,-7.11596949405675
4.3666666666666565,-0.016970839050415024,-0.05169748595024249,-0.032565611963589175,-1.9798021654818458,-0.23575424472348608,0.10118958696448549
4.383333333333323,-0.017841509819575618,-0.05224024614963564,3.4986371202273183,-1.9837032946753026,-0.23406775160741133,7.173253423482625
4.39999999999999,-0.017740336944228625,0.006070372520819663,3.499052182804102,-1.9856118534733476,-0.11451352788270092,7.173079273082849
4.416666666666656,-0.016667205129213825,0.06438790890088802,0.3192590245362852,-1.9855278902510918,0.005037793335346569,0.8019604850018569
4.433333333333323,-0.015505390251827834,0.06970889264315944,-3.634029394487154,-1.9852211602274465,0.018403801418710848,-7.116967556416047
4.4499999999999895,-0.015353027984021607,0.00914173606837354,-3.6334172392162793,-1.986891365636139,-0.1002123245215566,-7.117219517953905
4.466666666666656,-0.01620994828266435,-0.051415217918564446,-0.040465931690887254,-1.9905385764664856,-0.21883264982078834,0.07792891108700087
4.483333333333323,-0.01707810911788789,-0.052089650113412565,3.5017683337193017,-1.9941641403770856,-0.217533834636005,7.171939866291331
4.499999999999989,-0.016973556527078295,0.006273155448575797,3.502197057698257,-1.9957974987692715,-0.09800150353114949,7.171760055345118
4.516666666666656,-0.015896171420241405,0.06464310641021341,0.31134383401774873,-1.9954387015905282,0.021527830724602473,0.7785619519660504
4.533333333333323,-0.014732301915066252,0.06983217031050923,-3.6309226970683337,-1.9948636372029054,0.03450386325736998,-7.11824651861337
4.549999999999989,-0.014577022047965635,0.009316792026037003,-3.630298512422621,-1.9962658635148973,-0.08413357871951951,-7.118503558408859
4.566666666666656,-0.015430158434315746,-0.05118818318100668,-0.04840839227665123,-1.9996454519264473,-0.20277530469300048,0.05439924351830552
4.583333333333322,-0.01629674159629826,-0.05199498971895087,3.50497170263316,-2.00300992943702,-0.20186865063436205,7.170596579713981
4.599999999999989,-0.016189721507549343,0.006421205324935127,3.5054103312278153,-2.0043825745643384,-0.08235870763912904,7.1704126898173834
4.616666666666656,-0.015108976326792698,0.06484471084539872,0.3034083916652448,-2.0037634383889302,0.03714817052449401,0.7549652884147227
4.633333333333322,-0.013943951037240152,0.0699015173731528,-3.6277530944936673,-2.0029345896334068,0.04973092533140606,-7.119552026489732
4.649999999999989,-0.013786634940602513,0.009438965798258342,-3.6271204076180004,-2.0040833942185747,-0.06892827511008948,-7.119812698156329
4.666666666666655,-0.014636852290525429,-0.05101304099537499,-0.056350256512279845,-2.007209924553231,-0.18759182007936162,0.030738810376432356
4.683333333333322,-0.015502722489479535,-0.05195221193724633,3.5082253448180745,-2.010327916329449,-0.18707950657308775,7.169232773962495
4.699999999999989,-0.015394085648206398,0.006518210476388245,3.5086703796556673,-2.0114544545573443,-0.06759229367371283,7.169046276133947
4.716666666666655,-0.014310818145917798,0.06499605013731603,0.2954935320053941,-2.0105895910418687,0.051891810928519605,0.7313031788275478
4.733333333333322,-0.013145469106961032,0.06992094233740594,-3.6245411417506586,-2.009521587754497,0.06408019724231206,-7.120875643222216
4.7499999999999885,-0.012986937051823893,0.009511923308228296,-3.623903241105631,-2.0104316054791314,-0.054601063478058195,-7.121138595778679
4.766666666666655,-0.013835044785882763,-0.05088646404353222,-0.06425224523195568,-2.0133197172581485,-0.1732867067410362,0.007075300301546993
4.783333333333322,-0.0147010003658394,-0.05195733479739815,3.5115089208769588,-2.016205863675971,-0.17316878506934374,7.167856998584439
4.799999999999988,-0.014591536801107991,0.006567813883884499,3.511957118578486,-2.0171009387052976,-0.053704501759603104,7.167669254791799
4.816666666666655,-0.013506529592327003,0.06510043252685926,0.2876366933069129,-2.016004994497182,0.06575665248692689,0.7076979025972865
4.8333333333333215,-0.012341623302071874,0.06989437741530781,-3.6213059679807578,-2.014712467538345,0.077551617530215,-7.122209503110874
4.849999999999988,-0.012182635336255843,0.009539277948961845,-3.620665906431188,-2.01539833210815,-0.04115187418829956,-7.122473479908895
4.866666666666655,-0.013029387900004031,-0.050805153824891286,-0.07207845297051499,-2.0180626615334853,-0.1598597655201145,-0.016473915641775604
4.883333333333321,-0.01389616225624403,-0.05200646137439987,3.5148036107748677,-2.0207315670464987,-0.16013433078081074,7.1664771529750055
4.899999999999988,-0.013786602276157675,0.006573598805181255,3.515251978437756,-2.0214097844614636,-0.04069304489789398,7.16628941816418
4.9166666666666545,-0.012700583413171944,0.06516113177914384,0.2798720070743933,-2.0200973659269383,0.07874511207150901,0.6842615720742209
4.933333333333321,-0.011536822325998883,0.06982566523038373,-3.6180652972310403,-2.0185948747335036,0.09014947160607936,-7.123546304269098
4.949999999999988,-0.011378079376945554,0.009524576943199733,-3.6174258959487506,-2.019071146402366,-0.028576300131738938,-7.123810141625231
4.966666666666654,-0.012224176954544655,-0.05076585465594611,-0.07979625353393924,-2.02152625422168,-0.14730646915882611,-0.03980153018801321
4.983333333333321,-0.013092440158125407,-0.052095792214845095,3.518092084195034,-2.0239924180216016,-0.147969827995293,7.165100499735696
4.999999999999988,-0.012983455560540872,0.0065390758550721365,3.518537873906941,-2.024468276127152,-0.02855148633303141,7.164913924297712
5.016666666666654,-0.01189709933131552,0.06518137375352115,0.2722303965426517,-2.022953880364842,0.09086374573859711,0.6610964016995078
5.033333333333321,-0.010735123547494986,0.06971854702923201,-3.6148354739164406,-2.021255846713171,0.10188201910025557,-7.124879299582206
5.049999999999987,-0.01057726872865124,0.009471289130624672,-3.6141993270294,-2.021536946200273,-0.016865969226114524,-7.125141925129853
5.066666666666654,-0.011423358167315663,-0.05076536631986533,-0.087376196789866,-2.023797251777689,-0.1356183346449454,-0.06281001637710572
5.083333333333321,-0.012293718771755047,-0.05222163626636309,3.521358465396118,-2.0260750045818763,-0.1366651682512305,7.163733680510175
5.099999999999987,-0.012185924246917734,0.0064676714902388716,3.5217991679018157,-2.0263628313636994,-0.01726960690939426,7.163549313127117
5.116666666666654,-0.011099852175441027,0.06516432428860247,0.26473968297293093,-2.0246607833363206,0.10212288164272434,0.6382950042835697
5.13333333333332,-0.009940241303138505,0.06957665233815132,-3.611631492585482,-2.022781431141085,0.11276113171411717,-7.126202286032466
5.149999999999987,-0.009783861400998616,0.009382794128393282,-3.6110009725060306,-2.022881579580859,-0.006008906386423929,-7.126462716810827
5.166666666666654,-0.010630537324554847,-0.050800555413373895,-0.09479189792339135,-2.0249613009975245,-0.12478328499993771,-0.0854113182919333
5.18333333333332,-0.011503544330867576,-0.05238042037876375,3.5245882932844688,-2.0270647477803823,-0.12620680697146994,7.162382733949109
5.199999999999987,-0.011397499033490174,0.006362717842644056,3.5250216309209743,-2.02717864380381,-0.0068337614056514645,7.162201524762918
5.2166666666666535,-0.010312281060856947,0.06511307835799363,0.25742469861013967,-2.0253030394036924,0.11253626400706383,0.6159407106915453
5.23333333333332,-0.009155556227498682,0.06940349000149595,-3.6084670315868768,-2.023256340361716,0.12280194251858959,-7.127509592495668
5.249999999999987,-0.009001183347358993,0.009262372808381346,-3.6078442949525615,-2.023189505095433,0.004010115976995118,-7.127766932793725
5.266666666666653,-0.00984898943803946,-0.05086836544082801,-0.10201992033951629,-2.025102605088259,-0.11478599956956696,-0.10752651976207306
5.28333333333332,-0.010725134395480902,-0.052568697446486616,3.5277684773742624,-2.0270455735587967,-0.11657810823226818,7.161053115477791
5.2999999999999865,-0.010621343664762828,0.006227443843084421,3.5281923963824626,-2.0269993606083685,0.0027727770256950057,7.160875919529696
5.316666666666653,-0.009537499490605181,0.0650306504494588,0.2503074052183193,-2.024964015458071,0.1221207090178566,0.5941079094034616
5.33333333333332,-0.008384125481664667,0.06920244053643079,-3.6053544902398595,-2.022763640332939,0.13202250750791428,-7.128796066120706
5.349999999999986,-0.008232238831124115,0.009113199032433135,-3.6047414844014063,-2.022543486337285,0.01320923973923585,-7.1290495050952885
5.366666666666653,-0.009081669259583954,-0.050965825707590305,-0.10903965332842266,-2.024303623870824,-0.10560825201235229,-0.12908549455472232
5.3833333333333195,-0.009961388480635021,-0.052783153263064014,3.5308872502667983,-2.026099618486184,-0.10775967692159766,7.1597497185626064
5.399999999999986,-0.009860305687723088,0.006064967574715953,3.531299912580838,-2.0259067937352766,0.011569485054445786,7.1595772994546705
5.416666666666653,-0.008778306252427589,0.06491996611772992,0.24340701717064045,-2.0237251975122983,0.1308957733786903,0.5728624026229496
5.433333333333319,-0.007628693756806912,0.06897674973724059,-3.6023050291177627,-2.0213844728441472,0.1404434800890728,-7.1300570574091235
5.449999999999986,-0.007479721547052281,0.008938332585277882,-3.601703499109908,-2.0210243195808317,0.021609195798920733,-7.130305866496991
5.466666666666653,-0.008331222531494846,-0.05109005906655392,-0.1158331855439426,-2.022644806835988,-0.09722923530936245,-0.15002654136008806
5.483333333333319,-0.009214899400810729,-0.053020612158952964,3.5339341172385548,-2.0243069681304107,-0.09972967766536392,7.158476897194834
5.499999999999986,-0.009116927904227013,0.005878289795022945,3.5343338918473064,-2.023980663620057,0.019578270621216656,7.158309930928845
5.516666666666652,-0.008037196993241267,0.06478385465914471,0.23674012812947806,-2.0216659396844454,0.1388834361366974,0.5522617758121817
5.533333333333319,-0.006891704935552889,0.06872952346130268,-3.5993286130622493,-2.019197809699997,0.14808779906690042,-7.131288404116176
5.549999999999986,-0.006746026381492913,0.00874071324359852,-3.598740108994565,-2.0187105931611367,0.029232992331630833,-7.131531934260666
5.566666666666652,-0.0075999978577092064,-0.05123828857297757,-0.12238517528004747,-2.0202043577151265,-0.08962587323938026,-0.17029600666822836
5.583333333333319,-0.008487965215947735,-0.053278041494311694,3.536899803486199,-2.021745426715413,-0.09246414001718406,7.157238489332392
5.599999999999985,-0.008393460406551208,0.00567028856379162,3.5372852574542635,-2.021298373913107,0.026823168138355807,7.157077568284985
5.616666666666652,-0.007316376358972941,0.064625042854696,0.23032084041156628,-2.0188632440084997,0.14610779427643888,0.5323557777318189
5.633333333333319,-0.00617531430016924,0.06846372352822211,-3.596434056554798,-2.016280237498967,0.1549803905719692,-7.1324864140983735
5.649999999999985,-0.006033261701519649,0.008523155918975477,-3.5958599413612964,-2.0156784772155723,0.036105617003662965,-7.132724092811741
5.666666666666652,-0.006890059086581529,-0.0514078431037128,-0.12868271846400614,-2.017058029180181,-0.08277311787653271,-0.18984789842584976
5.6833333333333185,-0.007782601671216744,-0.0535525550781129,3.539776199535993,-2.01849031667213,-0.08593724951696355,7.156037841061971
5.699999999999985,-0.007691873089314183,0.005443714914153644,3.540146088764955,-2.0179348158748955,0.0333300478340693,7.155883478058438
5.716666666666652,-0.006617770593865801,0.0644461497269029,0.22416089619183294,-2.015391569667089,0.1525947724683766,0.5131867082606384
5.733333333333318,-0.005481401182808578,0.06818216466343344,-3.5936290710825274,-2.0127057715958774,0.1611478842727206,-7.133647847234878
5.749999999999985,-0.005343262069274278,0.008288346812057978,-3.5930705285706477,-2.0120015423711197,0.042253753485472625,-7.133879175517615
5.7666666666666515,-0.006203198102565158,-0.051596161997452816,-0.13471521522036903,-2.013278946250672,-0.07664423277315428,-0.2086434931597743
5.783333333333318,-0.007100555028972807,-0.053841415584458964,3.5425563052852267,-2.0146143066561026,-0.08012162432581718,7.154877831265085
5.799999999999985,-0.007013868537245672,0.005201189503628148,3.542909565089368,-2.013962200997293,0.03912633952860091,7.154730463717839
5.816666666666651,-0.005943040499660378,0.06424968225511762,0.2182698097581762,-2.0113226702096725,0.15837184725723155,0.4947898114618519
5.833333333333318,-0.00481158195936448,0.0678875124177539,-3.590920314147121,-2.008545697807757,0.1666183441149291,-7.1347698965511315
5.8499999999999845,-0.004677601284109449,0.008038840515301883,-3.590378357288794,-2.0077506059326615,0.04770551250574358,-7.134994445689774
5.866666666666651,-0.005540947930323527,-0.05180079877284468,-0.14047423579551804,-2.0089374569591465,-0.07121106158908598,-0.226650939055525
5.883333333333318,-0.006443315197591915,-0.05414203603610331,3.5452341731047254,-2.0101872665798135,-0.0749885772400114,7.153760896592117
5.899999999999984,-0.006360895194553435,0.004945200182308776,3.5455699086690595,-2.0094499203958716,0.04424077103652388,7.1536208906730785
5.916666666666651,-0.005293594661329106,0.06403803199345977,0.21265500008675317,-2.0067254572978537,0.1634677858810752,0.47719367154905823
5.933333333333318,-0.004167223294747345,0.06758228199490565,-3.588313439578594,-2.0038684404021834,0.17142101374022617,-7.135850168673252
5.949999999999984,-0.00403760566138186,0.007777058001929092,-3.587788918988278,-2.002993604108922,0.05249017759567197,-7.136067576937969
5.966666666666651,-0.004904596061068675,-0.05201942398120887,-0.14595338657018803,-2.0041010088092546,-0.06644428201996085,-0.24384485728869867
5.983333333333317,-0.0058121290681360975,-0.05445198042404534,3.5478048503942423,-2.0052761481921673,-0.07050836297477249,7.152689056567932
5.999999999999984,-0.005734160727871786,0.004678100415858699,3.5481223271766846,-2.004464429503811,0.04870312130135972,7.152556711387268
6.016666666666651,-0.004670602852280617,0.06381347253547011,0.20732192306404434,-2.0016658895067367,0.16791239982448086,0.4604206095858714
6.033333333333317,-0.003549455553616103,0.06726883791987084,-3.585813148829558,-1.9987394548958881,0.17558607665091205,-7.136886663740395
6.049999999999984,-0.0034243674629597996,0.007505285439378215,-3.5853067613766125,-1.9977954888027452,0.05663796558857215,-7.137096633003445
6.06666666666665,-0.004295197917130332,-0.052249827250231994,-0.1511481768259805,-1.9988340495521033,-0.06231364496148527,-0.26020594372108846
6.083333333333317,-0.005208013975974749,-0.054768963530665,3.550264321946867,-1.9999448897302727,-0.06665041069017008,7.151663938671258
6.099999999999984,-0.005134645500945036,0.004402108501782777,3.5505629560805527,-1.9990691565921446,0.052543988287684223,7.151539490437952
6.11666666666665,-0.004075009538115169,0.06357815776979199,0.20227420273698987,-1.9962068847066725,0.17173631312831678,0.444487078927596
6.133333333333317,-0.0029591862967472495,0.06694939448207515,-3.583423242940741,-1.993221144188165,0.17914443111044337,-7.137877754900239
6.1499999999999835,-0.002838758400640647,0.007225673766396136,-3.5829355404460324,-1.9922181474904632,0.06017980186210606,-7.13808004719587
6.16666666666665,-0.0037135903768801652,-0.05248991857437107,-0.15605588687243,-1.9931979508058715,-0.058788198924491775,-0.27572057289465995
6.183333333333317,-0.004631771210584247,-0.055090850022244904,3.5526094524445755,-1.994254343169306,-0.06338354180606943,7.150686803247675
6.199999999999983,-0.004563116085275947,0.004119307518498018,3.5528888011908095,-1.9933244336429494,0.05579457158139181,7.150570429390173
6.21666666666665,-0.0035075474040813107,0.06333412087167817,0.19751376102655024,-1.9904082545528734,0.17497074540456137,0.42940405758243894
6.2333333333333165,-0.0023971137892681883,0.06662601688878733,-3.581146674884307,-1.9873727965579133,0.182127479697602,-7.138822167509423
6.249999999999983,-0.002281443139700707,0.006940238974048885,-3.5806780728536975,-1.9863203447205948,0.06314711023911164,-7.139016601555198
6.26666666666665,-0.0031604052881481414,-0.052737728906846075,-0.1606754380839884,-1.987250953050375,-0.055836499786808325,-0.29038040608494403
6.283333333333316,-0.004083999502730017,-0.05541565287491255,3.55483792937467,-1.9882622226040676,-0.06067617322155739,7.149758568132406
6.299999999999983,-0.00402013873693004,0.0038316459479986187,3.5550976816718056,-1.9872874481110567,0.05848646958064938,7.149650391360311
6.3166666666666496,-0.002968750837332339,0.06308327397586205,0.19304094539232164,-1.9843266596204459,0.17764730943665455,0.4151774358322906
6.333333333333316,-0.0018637404529034376,0.06630062306573407,-3.578985602008218,-1.981250544064326,0.18456693336719274,-7.139718958156747
6.349999999999983,-0.0017528927356990414,0.006650863032263775,-3.5785363883583883,-1.9801576837743609,0.06557161739791362,-7.139905405855522
6.366666666666649,-0.002636082904149753,-0.0529914101070427,-0.16500726534058296,-1.9810481305415777,-0.05342680603301175,-0.3041820050094147
6.383333333333316,-0.0035651084240839598,-0.055741531196052414,3.5569482066263736,-1.9820230723101862,-0.058496506116502,7.148879832874706
6.399999999999983,-0.0035060927755108406,0.003540938914387143,3.557188173774958,-1.9810122141252182,0.06065149109807643,7.148779925164852
6.416666666666649,-0.002458969300889122,0.06282740847730311,0.18885465398649762,-1.9780155837388156,0.1797978231841573,0.4018083976095952
6.433333333333316,-0.0013593862001600428,0.06597498604374474,-3.576941438322081,-1.9749073399086325,0.1864946298109839,-7.140567493622042
6.449999999999982,-0.0012533979434093195,0.006359295405043396,-3.576511782057068,-1.9737825870489,0.06748517158394986,-7.140745876562933
6.466666666666649,-0.0021408851816744484,-0.053249234295907735,-0.1690531923124159,-1.974641374710435,-0.05152725969209902,-0.31712645262824574
6.483333333333316,-0.0030753316400263593,-0.056066787501114664,3.558939448997999,-1.9755882530532556,-0.05681270056923645,7.148050902469727
6.499999999999982,-0.0030211838069899373,0.0032488699821853137,3.559159555517911,-1.9745495617009456,0.06232148113859234,7.14795928896232
6.516666666666649,-0.001978380541865207,0.06256819590748383,0.1849524578843449,-1.9715253261017018,0.181454135954631,0.3892937942771584
6.5333333333333155,-0.0008842015939948252,0.0656507368722229,-3.575014906382629,-1.968392953337381,0.1879423658592503,-7.1413674298780325
6.549999999999982,-0.0007830823423418403,0.006067155099179093,-3.574604866182437,-1.9672442937480263,0.0689195753612831,-7.1415377158537146
6.566666666666649,-0.0016749088868506434,-0.05350959267052818,-0.17281630997862482,-1.9680793946352977,-0.050106053236278814,-0.3292189823227356
6.583333333333315,-0.0026147399619090646,-0.05638986450350526,3.560811477818134,-1.969005945239881,-0.05559303627499107,7.1472718105170685
6.599999999999982,-0.0025654567375735593,0.002956993460130307,3.5610117525091214,-1.967947142563765,0.06352816056696008,7.147188473309629
6.6166666666666485,-0.0015270035819855206,0.06230718933528233,0.1813307200254591,-1.964903009756174,0.1826479684554539,0.3776265096020926
6.633333333333315,-0.0004381807819459655,0.06532936800237331,-3.5732060885550387,-1.9617539806959159,0.18894174361548877,-7.1421186912363686
6.649999999999982,-0.00034191522872725446,0.005775933193122661,-3.572815621240716,-1.9605888734943344,0.06990643209488262,-7.1422808907930175
6.666666666666648,-0.00123809845918652,-0.05377099382755594,-0.17630085872098833,-1.9614077332068622,-0.049131582751667666,-0.3404686165918564
6.683333333333315,-0.0021832541504016156,-0.05670934147290574,3.5625647178590034,-1.96232116753511,-0.054806059694865274,7.146542341737242
6.6999999999999815,-0.0021388085311003216,0.0026667371580776505,3.5627452850919408,-1.961249451212875,0.06430297933408877,7.146467223565994
6.716666666666648,-0.0011047114437179328,0.06204582524294333,0.1779847105451458,-1.9581926051063163,0.183410766393522,0.3667958148531747
6.733333333333315,-2.1174158961892366e-05,0.06501223708536243,-3.571514477444491,-1.9550338712734094,0.18952402997440823,-7.142821449732395
6.749999999999981,7.027577094845605e-05,0.005486995794620905,-3.571143446287105,-1.9538592545098727,0.07047700581220165,-7.142975612767387
6.766666666666648,-0.0008302585897765023,-0.054032061643497505,-0.179512114287557,-1.9546687976387713,-0.048572587733921466,-0.3508878162687202
6.783333333333315,-0.001780657426692449,-0.05702393021495679,3.5642001456965797,-1.9555758096055225,-0.0544207180050668,7.1458620537883855
6.799999999999981,-0.0017410006675815676,0.00237940554665287,3.5643612169590604,-1.9544978598906657,0.06467698289140629,7.145795061588519
6.816666666666648,-0.0007112435704265032,0.061785425829303874,0.1749087182183231,-1.9514349671031455,0.18377356725121494,0.3567877130827964
6.833333333333314,0.0003670992817892066,0.06470057113294259,-3.569939025310683,-1.9482729666175467,0.1897200291359282,-7.143476104836236
6.849999999999981,0.00045379240475194887,0.0052015873777645355,-3.569587208154663,-1.947095265049958,0.07066209405532427,-7.143622317257559
6.866666666666648,-0.000451066474550493,-0.054291532758146514,-0.18245627787745808,-1.9479019030149407,-0.048398277898968375,-0.36049214112725825
6.883333333333314,-0.00140660765326334,-0.05733247072277081,3.565719239650133,-1.9488086776857922,-0.054406480251089344,7.145230298335618
6.899999999999981,-0.0013716712654067054,0.002096183271398072,3.5658611053664506,-1.9477306661626617,0.06468069138783764,7.145171306673383
6.916666666666647,-0.0003462179038371679,0.06152720169417225,0.1720961577794813,-1.9446678848321217,0.18376687983239404,0.3475852717807568
6.933333333333314,0.0007270399460044478,0.06439547099049694,-3.56847819229618,-1.9415085520371982,0.18955996769540664,-7.144083263570492
6.949999999999981,0.000809053853541569,0.004920834452227275,-3.5681452894705346,-1.9403336868154888,0.07049191330256512,-7.144221644030596
6.966666666666647,-0.00010008370821868037,-0.05454825370561497,-0.1851403705567825,-1.9411433276060102,-0.04857844743127815,-0.36929992262425165
6.983333333333314,-0.0010606491506891472,-0.05763392654822801,3.567123931413535,-1.9420555517083715,-0.054733446141682345,7.144646241334538
6.9999999999999805,-0.0010303468344336321,0.0018181389753309032,3.567246953055917,-1.9409831518548066,0.06434399121389328,7.144595095705588
7.016666666666647,-9.142586773695565e-06,0.06127225485959619,0.1695396729211278,-1.9379261422524345,0.18342057614231977,0.33916894320681157
7.033333333333314,0.001059156014475443,0.06409791607494832,-3.567129993317525,-1.9347749190547272,0.1890733918624333,-7.144643721107464
7.04999999999998,0.0011365851731363803,0.004645749519656232,-3.566815635311403,-1.9336083191128832,0.06999599651064224,-7.144774417823035
7.066666666666647,0.0002232322108774833,-0.05480117773553382,-0.18757213217651977,-1.9344263787315457,-0.049083577119741664,-0.3773319494031891
7.0833333333333135,-0.000742224121430447,-0.05792737993847582,3.5684165594718467,-1.9353492527805978,-0.05537244294312815,7.144108882498583
7.09999999999998,-0.0007164536316628644,0.001546229386054955,3.568521161976806,-1.934287652140067,0.06369603843184822,7.14406540248828
7.116666666666647,0.00030057273643160876,0.06102158208566839,0.16723123481007182,-1.931241588887734,0.18276379513998622,0.331516871822742
7.133333333333313,0.0013640522253066572,0.06380876933250292,-3.565892043485718,-1.92810343761545,0.18828907633703193,-7.145158441911345
7.14999999999998,0.001437006146546784,0.004377235274407615,-3.5655957983676987,-1.9269500525770304,0.06920310230517618,-7.145281629579178
7.1666666666666465,0.0005195167904625503,-0.05504936136505403,-0.1897599249271778,-1.9277814679912717,-0.04988492485447678,-0.384611166074701
7.183333333333313,-0.0004506836558792329,-0.05821202678050699,3.5695998243793636,-1.9287197198405337,-0.056295110955721796,7.143617073927412
7.19999999999998,-0.0004293285954489706,0.001281303625815737,3.5696864888802415,-1.9276736336137048,0.06276517360973508,7.143581056229917
7.216666666666646,0.0005836060452258031,0.06077607844048643,0.16516223599561236,-1.9246432193157008,0.18182485788023367,0.32460518835229124
7.233333333333313,0.001642419084788247,0.06352878237374664,-3.564761601939955,-1.9215226369098213,0.18723494435277185,-7.145628541483215
7.24999999999998,0.001711020568256259,0.00411608900808072,-3.5644829825033013,-1.9203869513210203,0.0681411353280516,-7.14574441830122
7.266666666666646,0.0007894878899177985,-0.05529196070030763,-0.1917126416304731,-1.9212361947373031,-0.05095460497696873,-0.3911623856824247
7.283333333333313,-0.00018529829998468236,-0.05848717139414885,3.570676745959278,-1.922194094371831,-0.057473978071675806,7.143169537880019
7.299999999999979,-0.00016822983823180817,0.0010241077051724515,3.570746002843581,-1.9211677802458367,0.06157884755965785,7.143140759174065
7.316666666666646,0.0008407125131998385,0.0605365410858988,0.16332357961637722,-1.9181572603534052,0.18063119354589227,0.3184082900990346
7.333333333333313,0.0018950225256360346,0.06325860074617176,-3.563735613995307,-1.915058293713724,0.18593799838087618,-7.146055268759391
7.349999999999979,0.0019594059786290897,0.003863007179583315,-3.5634740846141426,-1.913944342426476,0.06683707723488633,-7.146164053560425
7.366666666666646,0.0010339355192293277,-0.055528227563985726,-0.19343961883692073,-1.9148154367096613,-0.05226565699112076,-0.3970120161643663
7.383333333333312,5.473183237486535e-05,-0.05875222121126774,3.571650622470461,-1.9157968121084479,-0.058882523927193536,7.142764883682255
7.399999999999979,6.765331842886437e-05,0.0007752891632399408,3.5717030447682157,-1.914794086150656,0.06016355746751072,7.1427431033624
7.416666666666646,0.001072714539140701,0.0603036732427102,0.16170576384300045,-1.9118072648863746,0.17920927585688406,0.3128991072476555
7.433333333333312,0.0021226940275867042,0.06299876930676021,-3.5628107515212037,-1.9087335272034134,0.18442426097767833,-7.146439989206317
7.449999999999979,0.0021830038628323735,0.003618590114740146,-3.5625657347052426,-1.907644911739676,0.06531692782423971,-7.146541918711439
7.4666666666666455,0.0012537121051043642,-0.055757505463680565,-0.1949505547685808,-1.9085414468089141,-0.05379210415428427,-0.40218780102672863
7.483333333333312,0.0002702674154961935,-0.05900668137649025,3.572524991773398,-1.9095497007117708,-0.06049523417139642,7.142401623763667
7.499999999999979,0.0002791907791584111,0.0005354018197330571,3.5725611888806443,-1.908573954163582,0.058544792891331354,7.142386586526637
7.516666666666645,0.00128049225084303,0.06007808830107713,0.16029896152237652,-1.9056142113413579,0.17758456933344197,0.30804935496392316
7.533333333333312,0.0023263212118394203,0.06274973765978341,-3.5619834514831274,-1.902568899253866,0.18271872524950736,-7.1467841686481295
7.5499999999999785,0.0023827103252016084,0.003383346801731288,-3.561754334121064,-1.9015088049909987,0.06360565577203854,-7.146879494844619
7.566666666666645,0.0014497232346412788,-0.05597922543361977,-0.19625543211910024,-1.9024339550322549,-0.05550900247537177,-0.4067185743607374
7.583333333333312,0.000462220746270088,-0.059250149302271446,3.573303594515002,-1.903472082455278,-0.06228764538138406,7.142078188823264
7.599999999999978,0.00046730258970861994,0.00030491060631191585,3.573324206254609,-1.9025262992702947,0.056746991099003684,7.142069627109713
7.616666666666645,0.0014649744904400989,0.05986031404388873,0.15909309501542296,-1.8995966078555586,0.17578148488416556,0.3038297711919354
7.6333333333333115,0.0025068389175647507,0.06251186562747911,-3.5612499525946886,-1.8965825192821582,0.18084531440403115,-7.147089357856179
7.649999999999978,0.0025594672467464333,0.0031576997509009663,-3.5610360918788206,-1.8955537333081622,0.06172715843976151,-7.147178345504654
7.666666666666645,0.0016229188837395547,-0.05619290178041271,-0.19736444569824735,-1.8965102746523619,-0.057392480651982714,-0.4106340302527034
7.683333333333311,0.0006315470635942743,-0.05948230920871683,3.573990339340805,-1.897580881004965,-0.06423638115619444,7.1417929421278705
7.699999999999978,0.0006329503377103285,8.419644696325279e-05,3.5739960303610068,-1.896667655984755,0.0547935012126034,7.14179057842054
7.716666666666645,0.0016271302869266626,0.059650796952980034,0.1580779062448052,-1.893770600248317,0.17382334418627907,0.3002103401252883
7.733333333333311,0.0026652207656554425,0.06228542872372679,-3.560606330041374,-1.8907901527507331,0.17882684985503386,-7.147357177923341
7.749999999999978,0.002714253930483841,0.002941989889703886,-3.560407059068209,-1.8897950822470169,0.059704230222978175,-7.147440102197121
7.766666666666644,0.0017742851344599588,-0.05639812776143293,-0.19828793488514282,-1.8907854117716887,-0.059419771480307165,-0.4139645065629621
7.783333333333311,0.000779236356523537,-0.05970292667618531,3.5745892701328255,-1.8918907314370723,-0.0663191799230232,7.141544192950461
7.799999999999978,0.0007771290425129,-0.00012643884063822525,3.5745807246422916,-1.8910122888266365,0.05270655662615113,7.141547741930275
7.816666666666644,0.0017679608186806773,0.05944990657006664,0.15724302199119397,-1.8881500829545534,0.17173235232498904,0.29716050140026967
7.833333333333311,0.002802471212068231,0.0620706236032532,-3.560048528250354,-1.8852053324987479,0.17668502734832686,-7.14758930643956
7.849999999999977,0.002848079236497353,0.0027364814657473077,-3.559863161294169,-1.8842460235169534,0.05755853890766753,-7.147666450698564
7.866666666666644,0.0019048363827892053,-0.05659457122248884,-0.19903632083374118,-1.8852721774381307,-0.06156923527064187,-0.4167407829812592
7.883333333333311,0.0009063056621827965,-0.05991184323638453,3.5751045352621427,-1.886414092687914,-0.06851491498699619,7.141330209159039
7.899999999999977,0.0009008595347047606,-0.00032676764868215524,3.575082452098923,-1.8855723051018198,0.05050725516565446,7.141339379721151
7.916666666666644,0.001888491866143092,0.05925793988629989,0.15657801449714065,-1.8827468121324697,0.16952957816100697,0.29464934512555474
7.9333333333333105,0.002919618090497296,0.06186757346125223,-3.5595723916932402,-1.8798394721228069,0.17444040057976623,-7.147787464479442
7.949999999999977,0.002961974206047822,0.002541366933031565,-3.5594002291514735,-1.8789176286310552,0.05531060950510887,-7.147859118179822
7.966666666666644,0.002015608035722939,-0.056781970219492994,-0.199620048355197,-1.87998130156102,-0.06382037579788816,-0.41899389320338104
7.98333333333331,0.0010137918519660563,-0.06010897102541295,3.5755403588368426,-1.8811613616835414,-0.07080360735127784,7.141149228969419
7.999999999999977,0.0010051813234416302,-0.0005166317114655705,3.5755054468672265,-1.88035776924246,0.04821554646487913,7.141163726101674
8.016666666666644,0.0019897667523803226,0.05907512573632154,0.15607245745608564,-1.8775705202107948,0.167234941899907,0.2926457929232449
8.033333333333312,0.0030177056417234832,0.061676333360589634,-3.5591736937201044,-1.8747019806810954,0.1721123717819611,-7.147953404407016
8.04999999999998,0.003056985171699948,0.0023567717985878978,-3.559014026731333,-1.8738189837637313,0.05297981504184417,-7.148019861146963
8.066666666666647,0.0021076496942510426,-0.05696012864693432,-0.20004953238488826,-1.874921547918908,-0.06615384931060522,-0.420754951017025
8.083333333333314,0.0011027449022507794,-0.06029428752001579,3.5759010139184464,-1.8761409884493674,-0.07316643182755564,7.140999471877739
8.099999999999982,0.0010911459474500847,-0.0006959372880416814,3.5758539877605977,-1.8753768180154162,0.04585022603707335,7.1410189984044035
8.11666666666665,0.002072839767027334,0.05890162917463495,0.15571597748058602,-1.8726290311930194,0.1648672093438134,0.2911187652108906
8.133333333333317,0.003097788024793635,0.06149689546597805,-3.5588481634337477,-1.8698003780469528,0.16971918876399492,-7.148088898497839
8.149999999999984,0.0031341673482727836,0.002182759408748923,-3.5587002781706967,-1.8689573051504689,0.050584373789030926,-7.148150454199123
8.166666666666652,0.0021820188167045165,-0.057128911894096024,-0.20033510892679793,-1.8700998296023736,-0.06855146711428779,-0.422054990033538
8.18333333333332,0.0011742216437676946,-0.06046783037620932,3.5761907976731835,-1.87135959155151,-0.07558571694818009,7.1408791487907415
8.199999999999987,0.001159810803517868,-0.0008646504149895998,3.576132373739355,-1.8706357759593155,0.0434289355316656,7.140903406984653
8.216666666666654,0.002138770067084529,0.05873755581399965,0.1554983011587781,-1.867928376087403,0.16244399231474316,0.2900373350038304
8.233333333333322,0.0031609233031952948,0.06132919416664595,-3.5585915106229704,-1.8651404102891007,0.16727794789814032,-7.148195728373875
8.24999999999999,0.0031945788974663465,0.0020193356562631104,-3.5584546922645166,-1.8643380544153467,0.04814135242524241,-7.148252679597935
8.266666666666657,0.002239774854997255,-0.0572882425481455,-0.20048699035462472,-1.8655213242859254,-0.07099619223472317,-0.4229248167560923
8.283333333333324,0.0012292799818741007,-0.060629692387389245,3.576414008418431,-1.8668220732722698,-0.07804493918065804,7.1407864713736355
8.299999999999992,0.001212233444422733,-0.0010227922470820647,3.576344901268621,-1.8661392704610102,0.040968168675569225,7.140815164440232
8.31666666666666,0.0021886160462126487,0.058582956107394946,0.15540929782110538,-1.8634729078818506,0.1599817547495731,0.2893708685612384
8.333333333333327,0.003208167897397316,0.06117311107108003,-3.558399448782444,-1.8607261645058686,0.16480460255892707,-7.14827567524224
8.349999999999994,0.003239275457253526,0.0018664535913726285,-3.5582729851700146,-1.859965053261898,0.045666674638223076,-7.148328317639028
8.366666666666662,0.0022819738545625102,-0.05743809616146095,-0.20051522493742685,-1.8611895887728274,-0.07347213065576072,-0.423394876634159
8.38333333333333,0.0012689735782777647,-0.06078001657708473,3.5765749245192673,-1.8625317339717107,-0.0805287119329967,7.140719660637035
8.399999999999997,0.0012494663365817044,-0.0011704345017636147,3.576495843518356,-1.8618903459315281,0.038483282410953876,7.140752494073961
8.416666666666664,0.002223430162529632,0.05843782955687565,0.15543901815096894,-1.8592654155318806,0.15749582397885323,0.28908915323878537
8.433333333333332,0.0032405714935194955,0.061028479859391804,-3.5582677162548437,-1.8565601825896667,0.16231397653283297,-7.148330510925143
8.45,0.00326930512554968,0.0017240179218110732,-3.558150901239831,-1.8558405970115988,0.04317513468408059,-7.1483791378122135
8.466666666666667,0.002309663507235467,-0.05757849709885278,-0.20042966044743352,-1.8571066723051453,-0.07596451761278963,-0.42349513271800027
8.483333333333334,0.0012943469832414115,-0.06091899143964334,3.576677785085385,-1.8584903851355579,-0.0830227698247563,7.140676954785839
8.500000000000002,0.0012725520662155182,-0.0013076950215535968,3.5765894313550675,-1.857890576589641,0.03598851275500768,7.14071363762205
8.51666666666667,0.0022442542134549215,0.05830212883436419,0.1555777287826505,-1.8553072364777181,0.15500040671537518,0.28916251294473766
8.533333333333337,0.003259172396467283,0.060895090980741695,-3.5581920955380353,-1.8526435734455329,0.1598197819311208,-7.14836198966473
8.550000000000004,0.0032857038862746345,0.0015918893884411048,-3.5580842320279995,-1.8519655665215877,0.04068041543670865,-7.148406890733629
8.566666666666672,0.0023238786449630974,-0.05770951447869222,-0.20023991169924796,-1.853273228178402,-0.07845969940885182,-0.423254956496016
8.58333333333334,0.0013064312059573248,-0.06104684634034635,3.5767267724144736,-1.854698460656465,-0.08551394868378542,7.140656616354107
8.600000000000007,0.0012825189815111283,-0.0014347334667717884,3.576629836070653,-1.854140177407763,0.03349699492211636,7.1406968622725495
8.616666666666674,0.0022521150448623355,0.05817576380107243,0.15581594303845764,-1.8515983672528742,0.15250860929332552,0.2895619116263709
8.633333333333342,0.003264993314613114,0.06077269618504672,-3.5581684308064867,-1.8489761232336448,0.15733464115376503,-7.148371840683581
8.65000000000001,0.0032894914646954244,0.001469889004938614,-3.5580688335188526,-1.8483395380590497,0.038195110475705354,-7.148413300829993
8.666666666666677,0.0023256371610224976,-0.057831258220375596,-0.1999553318625302,-1.8496886232457963,-0.08094511120479451,-0.42270303047114116
8.683333333333344,0.0013062397096099793,-0.0611638470847511,3.57672599612462,-1.851155125941007,-0.08799016171264687,7.140656938650982
8.700000000000012,0.0012803772571209665,-0.001551747149340775,3.5766211537904082,-1.8506381128199259,0.031020787264869495,7.140700466999106
8.71666666666668,0.0022480206806848447,0.058058605413832697,0.15614444796386123,-1.8481375717913449,0.1500324617148546,0.290259045238446
8.733333333333347,0.0032590375620164622,0.06066101287989705,-3.5581926437015796,-1.8455564032501977,0.1548701124688287,-7.148361761478737
8.750000000000014,0.0032816675978754187,0.001357802151537392,-3.558100641634453,-1.8449608907539057,0.03573074977751642,-7.148400059752578
8.766666666666682,0.0023159363443914717,-0.05794387520903683,-0.19958498738441882,-1.8463510449408784,-0.08340925121835988,-0.4218672620100811
8.78333333333335,0.001294764816634075,-0.06127029166544381,3.5766794789152274,-1.8478583844784096,-0.09044037225186123,7.140676251543571
8.800000000000017,0.0012671153663531302,-0.001658967016856687,3.5765673914992164,-1.8473822028349562,0.028570898607198275,7.140722788236024
8.816666666666684,0.002232956858155301,0.057950489508130254,0.156554327825064,-1.8449224870836596,0.14758294507779868,0.29122642266650395
8.833333333333352,0.003242285663242212,0.06055972830521465,-3.558260747450325,-1.8423818751038445,0.15243671878890708,-7.148333411825002
8.85000000000002,0.003263208705148477,0.0012553825143759023,-3.5581756860807086,-1.841826911293981,0.03329782859182372,-7.148368820496126
8.866666666666687,0.002295749612032323,-0.058047545586969236,-0.19913763635358822,-1.8432576054898104,-0.08584165174977838,-0.42077470798127076
8.883333333333354,0.00127297450881795,-0.06136650619286237,3.5765911438933955,-1.844805181548968,-0.09285456354946622,7.140712926603323
8.900000000000022,0.001243696945573965,-0.0017566537946391153,3.576472454622507,-1.844369226239625,0.026157318560589157,7.140762204921319
8.91666666666669,0.0022078839530584537,0.05785122044906933,0.157036984237835,-1.8419497258733593,0.14517002197594447,0.2924374360947058
8.933333333333357,0.003215692345053452,0.060468503519699915,-3.5583688593759804,-1.839448992885956,0.15004397924418958,-7.14828840846104
8.950000000000024,0.003235064942777345,0.0011623558634335784,-3.558290102596326,-1.8389338955675698,0.030905839103172253,-7.14832119219607
8.966666666666692,0.0022660236231133698,-0.05814247917983852,-0.19862171013441268,-1.8404044430247937,-0.08823284743342891,-0.4194515096829008
8.98333333333336,0.0012418096061898353,-0.06145284101541207,3.57646480340064,-1.8419915047902626,-0.09522370592814391,7.1407653816430825
9.000000000000027,0.0012110580346553674,-0.0018450942920680696,3.5763401360965235,-1.8415950206163865,0.02378905043257412,7.1408171429349485
9.016666666666694,0.002173734278703267,0.057760574642873985,0.1575841530994915,-1.8392149761250283,0.14280266948148992,0.2938664213207938
9.033333333333362,0.0031801838986121366,0.060386977194532176,-3.5585132118674467,-1.836753302072192,0.1477004431701698,-7.1482283204303565
9.05000000000003,0.0031981576263356046,0.0010784236634080666,-3.558440143671956,-1.8362772469972533,0.02856330449633053,-7.148258735575806
9.066666666666697,0.00222767575859464,-0.05822891206445787,-0.198045298097566,-1.8377868193488633,-0.09057434109659956,-0.41792283755180176
9.083333333333364,0.001202181308048796,-0.06152966703275064,3.5763041492731187,-1.839412481377571,-0.09753972172246293,7.1408320846722715
9.100000000000032,0.0011701046767454849,-0.0019245978781986597,3.5761741068608734,-1.8390545789383141,0.021474146355408258,7.140886078959827
9.1166666666667,0.0021314097417924165,0.0576783039028159,0.15818791849805772,-1.8367130970326797,0.14048891433807204,0.29548870853046083
9.133333333333367,0.0031366558953110305,0.06031476921111686,-3.5586901618769997,-1.834289534930231,0.14541372614691306,-7.148154665047747
9.150000000000034,0.003153377003863812,0.0010032665131668658,-3.558622187809465,-1.8338515713458514,0.02627781506278394,-7.148182959014447
9.166666666666702,0.002181591949136186,-0.05830710328365755,-0.19741613527221558,-1.8353992141389757,-0.09285856758745684,-0.4162128451367018
9.183333333333369,0.001154969079055167,-0.06159737220486114,3.576112744467345,-1.8370624716113046,-0.0997954483397352,7.140911557298101
9.200000000000037,0.001121710860215077,-0.0019954931304053958,3.57597790770512,-1.8367421425399397,0.01921974428189982,7.140967543793464
9.216666666666704,0.0020817798379597426,0.057604138664679935,0.1588407237735864,-1.8344382113730766,0.13823587001179088,0.2972806640494732
9.233333333333372,0.003085971238974849,0.06025148406090638,-3.5588961990179646,-1.8320517022439775,0.14319054774594878,-7.148068904460848
9.250000000000039,0.003101580362484965,0.0009365474106069679,-3.5588327473932604,-1.831650767810562,0.02405606600493465,-7.148095315204565
9.266666666666707,0.0021286248339413977,-0.058377331712614035,-0.1967415927446953,-1.8332354154091477,-0.09507885591514144,-0.414344631815155
9.283333333333374,0.0011010188629687484,-0.061656358258358954,3.5758940159824255,-1.8349351587387932,-0.10198459977872736,7.141002377600751
9.300000000000042,0.0010667167853245507,-0.0020581246586518637,3.5757549424003843,-1.8346512902968828,0.017032106514618492,7.141060125138273
9.316666666666709,0.0020256799694582375,0.05753779104802121,0.15953537990669947,-1.8323837940424341,0.13604977526692302,0.29921972359499566
9.333333333333377,0.003028958536899341,0.060196714046466204,-3.559127952335458,-1.8300331811980979,0.14103677066017295,-7.14797244277564
9.350000000000044,0.0030435904509139283,0.000877914840875238,-3.5590684752469546,-1.8296681162545327,0.021903896613912274,-7.147997198368632
9.366666666666712,0.002069592232915473,-0.05843989307990734,-0.19602867062924298,-1.8312886060882922,-0.09722939002556492,-0.4123402137323363
9.383333333333379,0.0010411416064088942,-0.06170703759039472,3.575651249009391,-1.8330236348703106,-0.10410172692110387,7.141103182510637
9.400000000000047,0.0010059274379604797,-0.0021128501069048664,3.5755084720464336,-1.8327750238794094,0.014916659454073417,7.141162469898584
9.416666666666714,0.001963910067302741,0.057478957760535694,0.1602650714085499,-1.8305427566468697,0.13393603395238313,0.3012844175477107
9.433333333333382,0.0029664107720362666,0.06015004228401152,-3.559382195824263,-1.8282267992983445,0.13895744091151163,-7.147866623714283
9.450000000000049,0.0029801942001519413,0.0008270056869404754,-3.559326169949557,-1.8278963604564067,0.019826330516273583,-7.147889942002468
9.466666666666717,0.002005275914392739,-0.05849509714555214,-0.19528399343772682,-1.8295514465983584,-0.09930516851710089,-0.4102205024411718
9.483333333333384,0.0009761120749008348,-0.06174983036951426,3.5753875822379646,-1.831320482879877,-0.10614217689112042,7.141212669715775
9.500000000000052,0.000940111452697254,-0.0021600373322148494,3.5752416105646367,-1.8311058489753635,0.012878034270809163,7.141273286012453
9.516666666666719,0.001897233500094961,0.05742732284386243,0.16102335988478353,-1.8289075280469578,0.13189925570435004,0.3034543887639091
9.533333333333387,0.002899084258571775,0.06011104550860882,-3.559655852768339,-1.8266249142327842,0.13695682885041519,-7.147752728773309
9.550000000000054,0.0029121417246129387,0.0007834479624698396,-3.559602779985753,-1.8263277872877144,0.017827616704193375,-7.147774817113779
9.566666666666721,0.0019364206406580604,-0.05854326503729271,-0.1945138076776398,-1.8280161533473984,-0.10130196358103628,-0.40800529072758396
9.583333333333389,0.000906667943459393,-0.06178516183192004,3.57510600425125,-1.8298178542100623,-0.10810205175982934,7.141329599127187
9.600000000000056,0.0008700002474416284,-0.002200061761065873,3.574957321267278,-1.8296358524063019,0.010920108225623767,7.141391343846105
9.616666666666724,0.0018263762517758855,0.05738256026005543,0.16180418544378847,-1.8274701307848065,0.12994329728972553,0.30571040344203154
9.633333333333391,0.0028276978631778618,0.06007929668411857,-3.559945998976523,-1.8252194896067995,0.13503847068042607,-7.147631975850275
9.650000000000059,0.002840145585975248,0.0007468633678431869,-3.5598954068047375,-1.8249543017554175,0.015911271082921494,-7.147653030923803
9.666666666666726,0.0018637334735490964,-0.0585847267455691,-0.1937239815102605,-1.8266745730792922,-0.10321627943247522,-0.40571324511039564
9.683333333333394,0.0008335091440367613,-0.06181345977074011,3.574809350939228,-1.8285075425268085,-0.10997816685098181,7.141452793930072
9.700000000000061,0.0007962874120075451,-0.0022333039217529785,3.5746584144342393,-1.8283567750871221,0.009046046381186057,7.141515477178729
9.716666666666729,0.0017520263506545064,0.057344336318817676,0.16260186611633634,-1.8262222533482193,0.12807130433416486,0.3080343555507894
9.733333333333396,0.0027529324743337832,0.060054367420756614,-3.5602498649885166,-1.8240021665105524,0.13320521026001134,-7.1475055183070335
9.750000000000064,0.0027648803021829167,0.0007168696709480074,-3.5602013068616336,-1.8237674978724152,0.014080118288227444,-7.147525726000302
9.766666666666731,0.0017878833225704852,-0.05861981877674589,-0.19292000630444947,-1.825518253047056,-0.10504531047844425,-0.4033619045139558
9.783333333333399,0.0007572974523179289,-0.06183515221515338,3.5745003038626,-1.8273810531951729,-0.11176800888701018,7.141581141248121
9.800000000000066,0.000719628333138317,-0.0022601471507767146,3.5743475458287133,-1.827260080804054,0.007258343467125172,7.1416445838049505
9.816666666666734,0.0016748335322444587,0.05731231194636851,0.16341109545025448,-1.8251553182507672,0.1262857531972077,0.31040926531729385
9.833333333333401,0.0026754307023090047,0.06003583020387275,-3.5605648373244936,-1.8229643309015588,0.13145924095249592,-7.147374444438134
9.850000000000069,0.002686982084227858,0.0006930829151311907,-3.5605178927146572,-1.8227587253424722,0.012336333545193687,-7.147393979790521
9.866666666666736,0.0017095007181704173,-0.05864888196344643,-0.1921069999254562,-1.8245385069999942,-0.10678689945131499,-0.4009676846214997
9.883333333333404,0.0006786562965781279,-0.061850665295537365,3.5741813894994707,-1.826429668569911,-0.11346969419500665,7.1417135924480615
9.900000000000071,0.0006406400387356914,-0.00228097547054619,3.5740272160846125,-1.8263370208085923,0.005558865679127709,7.141777625781989
9.916666666666739,0.001595409118694536,0.057286144797530685,0.1642269384395215,-1.8242605459290007,0.12458849277549419,0.31281927226264084
9.933333333333406,0.0025957967926643587,0.060023260438189376,-3.5608884588505507,-1.822097176807114,0.12980214731320489,-7.1472397773133585
9.950000000000074,0.0026070487836201395,0.0006751194573468636,-3.560842733250013,-1.8219191520678142,0.010681484357982246,-7.147258804523139
9.966666666666741,0.0016291777931175836,-0.058672259430153355,-0.19128971160251623,-1.8237264769964376,-0.1084394957174034,-0.39854588742890285
9.983333333333409,0.0005981707716143287,-0.06186042129019529,3.573854979308463,-1.8256445091160134,-0.11508192717455178,7.141849163111004
